107
2
360
120
5
0 0
1 129
2 6
3 19
4 66
5 38
6 63
7 97
8 20
9 8
10 54
11 15
12 9
13 34
14 12
15 37
16 44
17 10
18 14
19 21
20 14
21 77
22 56
23 13
24 30
25 32
26 10
27 26
28 15
29 25
30 10
31 13
32 14
33 22
34 15
35 16
36 28
37 6
38 21
39 19
40 100
41 10
42 22
43 18
44 5
45 17
46 14
47 36
48 18
49 30
50 11
51 2
52 33
53 24
54 5
55 10
56 21
57 8
58 12
59 27
60 42
61 107
62 6
63 22
64 17
65 21
66 33
67 68
68 38
69 1
70 19
71 14
72 24
73 32
74 13
75 13
76 4
77 25
78 17
79 16
80 13
81 4
82 3
83 17
84 70
85 11
86 37
87 63
88 2
89 29
90 1
91 13
92 26
93 18
94 3
95 24
96 8
97 15
98 86
99 8
100 7
101 10
102 15
103 13
104 16
105 11
106 10

0 1311.442883862459 558.0417749319216 812.172681852799 330.3299695901295 157.64312298478163 149.4438731991906 45.361339627981465 135.84830393772287 882.117148682558 825.5171180081356 262.67995699471516 364.51054083892 377.0461293634445 572.0666385397261 1205.5826415902718 832.4671963919272 811.9343528664656 1073.084059144385 1086.978301653977 717.1246202888443 726.1384286435201 735.3878099072458 540.2642511787395 802.7808398217053 476.49766772973715 642.8191547309817 440.537162486746 479.48768529768984 239.36536072805572 376.1047941835474 485.64222405316224 526.9724511856602 629.880196045917 950.3764574014517 1501.532865380687 1433.5570005516083 1361.1250243190573 1620.8095887312616 1616.8066228031505 1462.573153984146 1432.2979434582999 1012.4661112637403 1201.38112856349 1054.3554626413002 895.079507071749 641.565233919531 701.1969527419897 434.2376160790031 1472.2471574489612 1237.3240260866212 815.6566386100577 711.6483834701895 387.31732433293524 257.2531644350595 186.86896448989026 525.6058207728556 232.4843789590255 663.0060188321421 595.1905967397306 762.3449852138373 919.0988203326377 915.3892809739316 1167.553967438477 357.16225954441586 1024.9273213812844 981.4405949114298 654.2970351218844 210.36679706940404 256.52554957913253 449.3491774961722 574.7811850687705 884.2223102058359 562.5816060263968 336.2144423266786 784.2153256128922 829.4256168416663 1119.5612843298147 1326.1354122311307 1405.4340432992585 776.8748675436846 1003.7507802945636 955.3248711277533 744.24603306197 719.7064664876712 773.6137318431214 47.72833660444355 32.66791951525051 824.0702628386223 623.327463846662 864.9794449571303 846.8980392417868 280.65947456759466 823.3009306604968 768.2626532013848 1105.9441416914258 925.7581549019138 821.8439988465592 856.6112042921122 955.9921865134743 968.1070669175651 986.3611231613354 1025.4476218593466 341.083076555698 1069.4019775677173 1006.3719917513141 1106.8739626355964
1311.442883862459 0 1379.5453304963478 1925.035631717864 1639.752120406954 1154.5461914681964 1176.1537670429734 1351.719430790358 1440.2650755782727 1538.786374075593 1582.522907552845 1449.8123889952954 951.1917329557422 936.7942725094931 949.2080172916905 219.73675693236572 622.7383302410842 1642.0020861922187 2384.218654889646 1224.548839155004 1863.8883959768584 1962.3678213252308 2004.8536607947876 1847.576928068803 2107.865339925649 834.9937022585299 1953.3135240822444 1748.2187484867477 1780.7019113774604 1306.447837030463 1174.3667403038687 1190.8191397726416 810.5237440415972 773.1595047242564 363.914925464355 191.80913404854346 122.67721637311939 52.24023952360669 497.869540294146 410.7981611835368 151.17047561523728 2715.896014343142 2191.435156618979 2484.0496284336396 2331.8308332716642 2046.504387312326 1946.922402706523 1832.6918865998398 1737.9075780226078 726.0497330853628 715.4500330006093 964.6653438193754 712.9608650601535 1653.7708974944578 1543.3646882257967 1431.3822951774414 853.4586661222129 1081.8039004819323 1747.8801018242639 717.3201586240056 549.1139309347801 394.2415322600977 422.21618031386646 1182.4530618228694 998.6546746441694 1397.9759246687645 1308.6052960830243 939.4424626555325 1348.2085302704181 1497.0501828491028 1714.1826923980304 1840.8296913509032 2172.343363872233 922.5321899567042 1452.2012035383655 2095.643795386923 2139.93880767007 2405.8410057200185 647.621470374642 967.8235669693307 565.3735134669497 1419.1613495295899 1460.0733457311264 1547.0141523233342 1587.9740546907294 1596.272835859848 1277.7247297291974 1333.2806540659315 2133.111598477421 688.8598507183216 1667.871386895197 1872.5500583309336 1066.2160419361612 2051.365823579967 2079.441467092092 2357.8444642068284 2215.7800444363943 499.6836611533339 1481.7476369514995 693.475596967462 629.2493656090282 2246.511566751927 2299.1121083722346 1019.4211341776511 2332.562252971737 2175.593536351603 1177.3620729345798
558.0417749319216 1379.5453304963478 0 560.1987792360476 638.1292170997442 580.4359473219893 622.249877810535 583.9014608502067 626.5952506227526 324.8224296575823 282.769090423991 363.2081301447797 679.3775609000941 675.8565917004548 1003.2188960923316 1201.5653294435467 763.4745978847069 299.68811840625045 1267.3901185537654 623.213822604718 521.8581734650355 680.405863918099 762.9124464545465 753.3596404925678 944.0565675195253 705.6435971538718 913.5996842389108 688.7052263316518 845.2032609026229 794.0613973971298 894.2558988824778 1008.3169752343304 629.7481829832909 613.2234872008701 1079.276631286256 1565.1820410364212 1496.6858566682984 1431.5614029383516 1519.1827015990013 1559.6787490925387 1517.7360028921148 1431.350205599625 837.5157753270424 1211.5663320449514 1061.9466678090853 688.4891728296186 815.7489958372471 486.3014681982909 803.7673584884027 1243.8732302942674 1001.2254076784999 507.4807452205904 666.7261928974101 517.5691801440756 515.3961378945061 723.5351016630906 557.5464751837065 616.1035553972201 390.52052459066 798.0342578750355 902.5140986422681 1049.9291605299043 1093.756056001427 726.5460048468733 490.40689241614695 495.72276655875635 477.342928318072 448.3190042145887 353.37934645032004 429.2591850640393 546.3018831589554 630.4846884781956 942.1820773637173 459.5844526731596 282.31937139233725 1004.8453229221112 1012.1772995778362 1422.7911862933288 1119.9857026790544 1071.1427406091689 998.5766180065286 467.045199181401 405.82821503286266 209.43625803963775 221.10547663548527 252.7356754272208 522.7657615226731 584.6579978661757 990.7159027263956 814.6251656059056 344.73807576300095 493.13811837468 708.6171687939774 746.8094219885432 973.8945995961674 1049.3297294681124 984.7301828871966 905.0386304966383 299.17242554159657 774.7539898798432 821.3783545705523 957.6599161249673 1025.6453492979617 755.1891387831087 1040.1544308651817 817.797774109913 663.5779094279213
812.172681852799 1925.035631717864 560.1987792360476 0 620.7962066391282 928.1754554283061 946.9562546315007 805.0138468947883 778.432013227718 606.9785567455506 503.21823646981323 557.2043292102094 1103.6902810618378 1107.6835507918463 1377.7167000445688 1756.1231126264317 1318.239640857249 419.57429222906853 877.8257323146431 1085.6077666646183 101.7859081433079 265.8314690357161 372.15573707447965 557.1888298405422 583.2283739200406 1172.7818618012702 691.621484627331 573.5585324710469 751.3677350584215 1022.9375989215337 1184.935132883613 1289.3439692389022 1136.3141755703741 1151.9430238166972 1603.8448162089533 2113.6021656652556 2044.5069645421681 1977.2692518654062 2078.655314345415 2119.7976695338552 2067.160522989966 899.198837947189 278.8003210418589 698.1358434471712 563.8101742974486 130.0721168061191 543.2172609635107 110.98154159876556 734.2535449768623 1789.0305541066161 1550.1661991527562 1060.8883771128963 1214.420815041831 466.87203309505065 585.3684753823313 878.1836871719764 1078.054238066098 994.1188669788972 177.4229007929299 1284.0156895427585 1416.9249860201576 1573.0149605834858 1603.1450319879054 1197.1360274205954 961.3856123532937 885.0895043706956 917.4146494534358 1006.8931369010725 645.8300956204668 556.6058402868189 424.9547747717798 371.0378577281981 507.03569537563584 1003.6025708908234 510.24872573151015 699.4345591830776 668.2574846698559 1110.5093343965184 1671.9655226992393 1585.3506320998272 1488.3158984034792 845.0006521051937 758.6006903209571 472.44148197841605 404.6388228766353 438.73027443325253 808.7409144669425 818.51896599331 638.2720678480747 1306.2110494973958 444.8723285592256 144.878607933972 1072.2725785496195 262.6000377504359 664.1513616820457 516.6606015858806 539.0976858313925 1435.9454448941458 641.2939265879204 1334.4124497871826 1381.5766354697678 452.55150265494245 528.1925418777913 1131.4588396912397 522.6364579953595 257.9310307499822 1139.687701473911
330.3299695901295 1639.752120406954 638.1292170997442 620.7962066391282 0 487.91681727459587 475.45550553476573 294.2910340973457 217.41087609552676 920.8311696607949 835.210347937565 284.209437341737 694.8370271556278 707.3045254501421 867.7460024427273 1525.9903603815624 1132.6538223232124 789.6876146427402 748.5359827189413 1250.532642595938 519.1015259174123 451.1987788418963 430.8940526579596 210.16252814291218 472.81551791418747 805.5952781879831 324.5020091313957 110.69809762891849 207.75930434050278 451.00795697852055 630.768281207752 717.8291949764148 843.4771277709284 930.2122457468909 1279.8604120505324 1830.3556299765917 1762.105461177595 1689.797183081327 1930.1955802412713 1933.7818735442906 1790.7548595768942 1107.5516091528832 753.4716914090175 878.3368191656676 735.277677453108 664.954206577595 311.90414423959305 518.9748688266156 165.64821634467103 1748.5307813162513 1506.8401433405231 1043.6491293969925 1011.0834323392914 162.2940924616025 128.45810790846957 287.636122515042 827.8974229714402 562.7914398388365 527.6981194795934 924.8491909771309 1090.7880159015729 1248.4750922107735 1245.7075010543551 1346.8124965043946 661.0135225600098 1133.0901870713772 1113.9157432800898 904.1393583921976 350.5867904296916 213.7109058338062 195.8966462174983 288.7369092461581 561.7705268932 833.400213856768 356.5500548600162 458.78383463179205 500.19398526446224 827.6423650277574 1606.518507065322 1642.495356145486 1106.80390776681 1102.7795491135912 1034.676288693279 756.6741939614662 705.7694803420283 766.4648910927124 362.0316806334604 313.07214539680643 493.93189961621874 952.8142402434963 842.022965163131 706.0541931892111 602.7779164300605 545.7221826516591 440.31249971973375 799.5514081092142 601.7455766297388 1146.478281424552 915.4183273759783 1233.3628309886997 1255.2296118556264 678.4144788419129 708.841517516864 661.2938254761 757.6904760943602 753.8545503549857 1283.6499577345432
157.64312298478163 1154.5461914681964 580.4359473219893 928.1754554283061 487.91681727459587 0 49.97217547949427 197.21428537146505 286.7592873781735 901.5131355991695 861.6094971909104 371.5596197042583 207.07655383732157 219.4051336804902 451.99166456274776 1053.3244613227464 695.9819611539469 863.2072776845333 1229.6773678057991 1032.3639601344137 838.4807105379864 869.1173209602144 885.9235610507852 697.7183897780388 960.1146081630922 319.6060073100891 798.8909508401882 597.9728952561771 630.5819936448746 258.6195883412478 314.8813132130386 428.57667771908297 381.7830331370307 496.9020119985197 792.9753413634945 1344.3595868074565 1276.5199717297724 1204.0411990733662 1474.2990464814457 1465.9654340733837 1305.7071956835741 1587.2711966657762 1146.5724281304067 1355.9028780728106 1207.7264892957455 1021.6178517828267 798.8349775734908 818.2986095225538 586.348547495821 1345.727672684312 1116.7073292331004 730.2205022170726 577.6156963643788 533.1576792914229 407.2269944832744 301.1183378940341 394.0737034179736 75.47035923669328 766.7984555621354 437.7845591214201 605.6071602195412 761.7553389568069 757.9166140729053 1101.9888617702193 234.4453206717598 1002.858352537054 947.6394871278263 560.5222340545415 285.54067040416544 388.0822619111014 595.8169003297486 723.2181616160166 1039.0283197611852 457.26986038630446 424.390899339515 941.2156798344862 987.0058030339119 1267.2959933656568 1198.1002203714663 1302.5757616611043 620.0548856771692 987.2959142625134 951.0381649599631 783.8454780109364 772.8258762112066 820.3229450458055 131.77561738558458 178.88540505877248 981.710916665145 466.0139437384873 913.9075078782448 944.1582960334098 144.44031658503505 965.5531774870344 925.6834763667464 1254.9479158630893 1080.9769622230806 667.6134484446115 867.2985499880017 833.7576796105839 839.0925526678867 1136.3593469320576 1178.0734452377537 203.29604088854805 1220.2971995954217 1138.4146339164733 1044.1578998415575
149.4438731991906 1176.1537670429734 622.249877810535 946.9562546315007 475.45550553476573 49.97217547949427 0 181.1655177473654 265.35844500239875 944.8548247265319 902.0406720257654 390.0316301372469 224.96670571983648 239.73743011214043 430.8533524460192 1082.5196686410416 735.8465585188889 900.643570854259 1209.616451750332 1082.2962266681518 854.859734066035 874.0786640891604 884.8264170643046 685.5506550291889 948.1728139676198 344.0141173784366 778.4285508498151 586.1377091297642 604.8568853746573 209.0359314772438 272.101857093753 386.2180179005841 419.0198721418993 538.8936473629984 813.0457216290716 1364.8482668190277 1297.5604465270897 1224.9779093142804 1507.7649080031454 1496.1098553036481 1327.2762633008385 1580.6269513513034 1157.1619151950467 1350.0122057359783 1203.4552236710897 1035.9486924324285 787.3594909958243 836.4087615809135 561.7708825319319 1387.9699620123895 1160.7400641716883 779.5912655312283 618.8504938809115 535.734816084255 406.4358563122613 264.5031044576974 437.206229905567 97.18988368387203 789.7251617567216 459.0236014668342 628.7073563220115 782.1969806580057 772.8816331270276 1151.921159508906 281.48899047024304 1051.2176168917072 996.7707595119866 609.5397328772168 311.99355557659396 397.9384089635081 598.0314383980136 723.9789797997147 1032.8008392011943 505.4124050075647 450.0554191137151 922.6050168276063 971.0131171950883 1237.3680239552612 1240.0289376019382 1349.7594553526715 632.3379219933787 1035.1622162348006 997.6248732408623 823.4032854008387 809.5975411129398 858.587434861755 138.82708039694785 162.38979750373355 967.2123566483375 487.5964331084141 951.9604267576403 969.7230488474912 131.46198533592886 971.0744241477435 908.697500457221 1255.3181613901163 1074.0708851509257 695.2673003811691 911.8524710176467 877.8090462062613 881.2501581538539 1135.7925296988217 1174.7217793490656 192.08033431059354 1218.841353047422 1150.111330756974 1094.1232537002147
45.361339627981465 1351.719430790358 583.9014608502067 805.0138468947883 294.2910340973457 197.21428537146505 181.1655177473654 0 91.2169078743191 906.3579633185208 845.7674727932646 267.20280471754194 402.38723083912726 415.70582057401316 590.5335878371095 1248.545394481113 877.6018859667566 828.0193346909314 1032.5012078496318 1125.4149394385543 707.9900146401827 704.8974630871628 708.4166052048748 504.40284959775204 767.0397559938951 516.8177054881667 601.6767505768057 404.9722927784241 435.61146391090523 226.77709491078525 379.9455867543291 485.4868913148761 571.1345283404495 675.100924026765 989.8542135453043 1541.4056748040964 1473.6419097149858 1401.1441475156828 1665.130423331358 1660.2359450501112 1502.8847800361123 1400.1332222154078 995.661532676096 1169.8702492207688 1024.195781357772 882.5744308584921 606.1945219195408 694.1678358589361 390.672692187272 1517.5896100497957 1282.54459248665 858.594276471657 756.8584391635782 366.3584763333974 234.78381493237092 147.13816309958162 570.8262698076776 270.50596731091065 662.0582014394583 634.7384984697154 802.8191928425127 958.7051755840755 952.6836653111852 1207.509945173229 402.468342181218 1057.7658118617962 1016.604521932925 698.2777139234372 231.39956420271267 248.86202228448448 427.2131106634781 550.1866333066986 852.6844068679416 607.4582194577841 346.680217760118 744.2364774961201 791.0205789236 1075.1140002401753 1371.4945140631269 1449.5417905733455 812.9574271143259 1035.5334517938088 984.7222968731809 764.055103548896 735.868249530683 791.2500632686902 92.13063240481195 18.791942602964905 786.6077406375454 663.0477662278455 881.4469073288536 847.3724282641537 309.61814538213 802.2006514649788 729.2204632050392 1079.5270471780827 893.6575941756236 863.9766001491271 883.0561345122727 1001.2941998514351 1013.464432683012 959.3247934319205 996.0505756897011 369.06251810910425 1041.502841629584 990.6930439391202 1146.503154173579
135.84830393772287 1440.2650755782727 626.5952506227526 778.432013227718 217.41087609552676 286.7592873781735 265.35844500239875 91.2169078743191 0 942.8106617502317 874.2932289876865 279.3176952817549 489.5458962044121 503.5350443888987 651.3948498258536 1339.32813225837 968.2016903336938 848.1026798808462 944.4687973403471 1192.6698506715002 678.4749436616999 651.5086663461503 643.991848245577 424.9155982357126 686.5775120167136 605.8861259086466 513.299373189266 327.0005057485395 344.5377058128329 247.24387506262667 421.1450206355474 516.7608029409046 662.3513431820764 765.4903049373779 1077.7219697737476 1629.4926459627397 1561.9644071489558 1489.4160570695492 1756.344572948761 1751.2454667808809 1591.4321786199173 1324.4772318699333 948.897854545674 1095.633921876446 952.6030692085255 844.8169869777444 526.9694024446738 669.0239743423379 299.821605586842 1606.169946032981 1370.0263990146648 938.0303331209383 847.2733166593914 319.8667912238207 193.1964568921922 105.53775594735399 661.2283894707207 358.46306835804273 649.5372406283717 722.9654962547738 891.7650736324389 1046.7218485043272 1038.183692049272 1278.4124729093287 492.57184252170106 1112.160557438248 1076.4063106045826 781.1016695781286 276.40781256582216 238.38835386604833 376.2998358442651 491.9251420213764 779.1772478710108 693.5602468957366 365.23197715048497 657.2476656505545 706.2588558617233 983.9074331288173 1460.4684683433172 1532.1303747319275 897.2094356099578 1087.6473492802322 1031.798278324954 792.3503425320388 756.974175349328 814.8341657003259 180.26841920326797 108.49148786839277 703.3093547589356 751.4055164256662 901.8956960430492 835.6518702238436 388.29594967237193 748.3190613714075 643.6088809928013 1014.4581014014991 819.033936976465 954.2658419007428 924.3111250791363 1089.4860682137976 1102.8980535093676 893.5200924167389 925.8803747351328 445.7003515389795 973.8740967054846 946.1190263919194 1216.674124679738
882.117148682558 1538.786374075593 324.8224296575823 606.9785567455506 920.8311696607949 901.5131355991695 944.8548247265319 906.3579633185208 942.8106617502317 0 105.13905121775983 668.4380314802742 979.0060331876684 972.7455905565417 1308.567914671591 1337.5630649743257 919.9007196971005 187.42540230981004 1448.158775620591 489.3018439428228 624.0659328198279 822.2807593447681 923.919806338434 991.8090918425986 1129.6722781434212 983.589951155251 1153.2727770679942 947.9560567025447 1120.862727632651 1118.809500738723 1216.2597133905938 1330.0824475150891 882.7281383508696 825.1551096854578 1286.559341407138 1712.3182895542234 1646.9896020618032 1588.9295233243793 1578.9420406105035 1643.0361833933011 1663.0148212143245 1501.8530768843204 868.033905902451 1305.1038142861603 1169.0445736043118 729.5849585902278 1031.2022821031226 589.7713203746171 1083.7692289416482 1241.258750874088 1018.045635227172 578.6633788932909 854.1073499981368 776.6446630778073 808.8940446195808 1042.8413376635663 801.6796273532397 931.313838830406 500.5475003946298 1058.2015764939647 1130.4909253462172 1260.4271852750708 1319.42157243554 600.1957457603105 780.549253294383 278.5072843716435 321.69756904256684 616.3201009093559 674.9884988697054 727.040574497189 786.1736277838592 832.5513276340953 1089.6517521432602 677.9166410465082 582.3538271264551 1217.1835709279694 1208.2668613604446 1643.142433345236 1144.2400461774346 1003.3896812715983 1246.741872907556 238.22552806131986 151.73153665449044 167.52659402329522 231.3756664586853 177.16544480142852 847.5216079909077 908.0154495426065 1182.1217067369707 1069.4487151364733 170.9311368381821 477.79772791635594 1023.8649394425212 856.7081100509959 1183.1680308762498 1122.1044821696578 1127.3240834193653 1110.521621977331 57.150050820282736 864.4804936364791 924.0684418671775 1058.0139336203458 1132.9911705719164 1066.404312610019 1129.6110937599678 842.7131777111523 547.2912108612529
825.5171180081356 1582.522907552845 282.769090423991 503.21823646981323 835.210347937565 861.6094971909104 902.0406720257654 845.7674727932646 874.2932289876865 105.13905121775983 0 595.9927911835102 959.5569340882907 955.1370434027599 1285.27734161542 1387.4160117133104 960.0967899856263 84.43724910120193 1343.8486594819447 586.5671129541535 518.9425156908474 717.4685690721412 819.5467894764474 894.9281213464662 1026.1305864336198 977.1904985448588 1055.729371376329 855.558940433372 1031.5162048187074 1064.4938153037533 1174.0880877031075 1288.2096100918584 887.5988507044767 845.5830541317499 1312.6583817479059 1760.461146576947 1693.9343825895314 1633.45673286262 1650.004374920991 1708.6135216080363 1711.5537455821286 1399.944575770289 767.6198733203909 1201.279177507853 1064.424983171476 627.2098488505628 930.7649588540996 484.7152365635654 995.9749755886388 1324.1206085565766 1095.420384588312 635.5738716971828 883.482801204283 686.0656515746731 728.5677742105565 976.8047845868601 809.4186788091883 898.840186574401 396.22326417810405 1061.0832080295452 1147.7178946321533 1285.1861538058774 1338.5914454944234 698.0384208588076 766.2096345173617 381.93487318322684 417.9626891913158 646.9928368172692 615.4970135703758 649.8157221538637 691.3961816240411 731.7572644507042 984.6239745975677 693.4601975479362 509.5391832649382 1115.6987697823674 1105.300610409391 1541.638467939223 1221.0079267729404 1096.2659008623777 1256.0651529679096 341.96139199732767 255.75114267123988 81.9715999144243 132.40988771704784 73.91419203446708 794.6422252989931 849.2625583873873 1078.860433613126 1074.8698863448935 86.50465322179649 377.4881791266559 991.3194024223193 751.6417083518268 1081.4636014277999 1019.1776710989479 1022.2159974187089 1136.1851399578184 140.17597439665192 922.8411840044697 979.7867152956128 953.473134375175 1028.3176743812287 1037.8805499598982 1025.6886348035766 742.7099908694639 642.95086902465
262.67995699471516 1449.8123889952954 363.2081301447797 557.2043292102094 284.209437341737 371.5596197042583 390.0316301372469 267.20280471754194 279.3176952817549 668.4380314802742 595.9927911835102 0 557.0349247554051 563.5196522678565 820.5854423756177 1311.758362380078 894.7867431830124 568.8932755358145 990.3042573126378 967.0403609851193 466.9610869400286 516.7259693172226 555.3538403301108 443.0286865685136 681.5110367154897 642.1316884530005 590.7913931159397 357.871501244192 491.38767235287236 493.97976521421634 638.6669881497088 748.2121805715483 639.2981305655757 698.5770499409998 1103.180080244525 1641.5919690131454 1572.2731167330423 1501.4225779430296 1693.5100920372543 1708.8045326522158 1598.6081669570021 1266.3483383030457 779.2617854200997 1034.7505334394748 882.2159648968442 650.7688796673152 528.5458505555268 446.96327393215404 447.6755823330311 1484.2037000322694 1240.4283785008652 766.0145107682043 775.6324676405223 212.71040608999922 156.43418200254797 383.5665664109303 603.3313677277516 439.7736955325221 401.37010583135236 759.9552765356905 911.4065042024573 1071.5184449206013 1086.5518484213258 1062.6681371512204 451.36258473498356 858.326749619349 833.7697716798265 636.7436227315045 101.97010821037165 70.63245433716007 268.3185982808858 392.1079358835554 726.4582908290753 580.1474870983819 86.49767601185341 706.8251704677452 732.0093583711797 1102.5015506183663 1345.6191775094353 1363.4497075099937 959.6546673312671 830.2254072408313 767.5641736212131 514.182051820691 477.6620783810069 535.5885819055532 252.6444079153724 276.35598438372267 717.4846632362754 785.2235345472283 622.6750890390869 584.3956583175742 515.279645674089 609.9383839658581 681.2168866864007 911.3190628793759 770.3703343495008 950.1330894866961 654.249569433358 974.4289466903704 1002.9389606693521 797.6042578931148 849.3188153943693 574.7913804275028 883.4999683413608 769.7105828370425 999.5277016910655
364.51054083892 951.1917329557422 679.3775609000941 1103.6902810618378 694.8370271556278 207.07655383732157 224.96670571983648 402.38723083912726 489.5458962044121 979.0060331876684 959.5569340882907 557.0349247554051 0 18.002273767136 330.6444061831339 861.6660011796041 545.1740885938933 977.4673390922961 1434.0072418087605 1008.7526644212943 1019.7412118542806 1067.3249994049854 1089.4657731129805 904.743932360455 1167.1807126217925 122.42479676669564 1002.8452058349915 805.0038940404775 829.7314566242113 385.05366619493395 332.2479619917528 422.9447355890279 230.71174745282966 366.70551758529035 588.2242610706542 1140.0279199310344 1072.648443862837 1000.0735690379204 1292.6231554513977 1275.8366586031257 1102.3201501352778 1793.307524252037 1336.238784111457 1561.7062176534207 1412.833384812177 1205.4510855344565 1005.907858750184 996.2729020459858 786.7364998595596 1201.224379361304 985.7871352731951 673.6974652471539 438.35625859549464 735.1884022607311 612.1227225974952 484.4414265831538 281.56449569961495 132.07224342122018 934.3672376283811 234.1182088995635 404.07859331951784 557.3026772597734 550.8824472788458 1060.1630242625752 200.83085358832173 1025.1060925816944 956.3375799980935 504.0216495768023 460.0903040940486 584.8609944059951 797.7895222268156 925.8117538705166 1245.1218511197626 392.93586820735715 593.4424184733306 1146.3643660481061 1193.322152349393 1460.0843500994845 1052.681615601322 1198.3743103817555 413.3087335806701 1017.4424520615026 998.0365943175545 888.805043484853 892.3988653653065 931.3307389277055 337.0642211689128 383.7192251193826 1188.4456252414755 262.7232183927188 1023.9949409648422 1102.2857755018342 132.71581412440804 1162.7931454257846 1131.6075423990703 1456.7896096765892 1287.2859757157116 473.75306435773297 935.9636416749097 706.9841469653138 699.0046496611469 1339.120964111065 1382.6894218052448 122.05620383577977 1423.6269481585182 1326.3129257746168 1008.3461560668447
377.0461293634445 936.7942725094931 675.8565917004548 1107.6835507918463 707.3045254501421 219.4051336804902 239.73743011214043 415.70582057401316 503.5350443888987 972.7455905565417 955.1370434027599 563.5196522678565 18.002273767136 0 338.97984991625475 845.2310485577912 527.1801088484683 974.5488447654974 1447.8597617341752 995.174821779289 1024.689828652827 1075.4213719955308 1099.0815048408435 917.0136963971622 1179.2922449170824 105.61559981881318 1016.76402600051 817.2668815383935 844.5843133327262 402.80717940584634 349.38799159603275 438.79487529353304 213.01345858717963 349.27922491150844 574.2602432332476 1125.978594411609 1058.4318280973832 985.8812554329409 1275.4905117411456 1259.3410750573914 1087.952090274851 1803.9552686569077 1342.3910860060757 1572.2316164261395 1423.0107769495585 1210.6528189853354 1017.9810229288779 1000.7456580710096 801.3695869146048 1183.2231748949694 967.911600269136 658.8358966827591 420.56193278281455 744.532832549348 622.535950417349 500.5153047658094 265.347535208945 145.22522135119056 937.466555815131 219.4778282578269 388.9699542148298 543.2055745790484 538.8144073689006 1045.5070241626488 192.8300269499117 1014.4747151214212 944.8824761867535 489.70392018035807 465.5749381533281 593.187926057305 807.061233936817 935.1837027876564 1255.8716118706304 378.7666935495742 597.575147347652 1159.9124906750574 1206.3148886224233 1475.9012916324482 1034.6807536782471 1181.0292597541754 402.61122602679416 1007.3882625986461 989.2741727218283 885.1862004091705 890.1768298965308 928.1900931891944 348.1321061347791 397.11142105687975 1201.1157965609802 247.9854118732175 1020.5899413290393 1103.9472541670932 150.66464086219202 1170.6078925757654 1144.8185038650643 1465.7291280639213 1298.177913362294 457.3601372008671 929.0495870673319 689.2657244448582 681.0681984369626 1348.3882176650757 1392.6486669038418 138.86508045088576 1433.0719857132738 1332.144114516281 994.0718841309266
572.0666385397261 949.2080172916905 1003.2188960923316 1377.7167000445688 867.7460024427273 451.99166456274776 430.8533524460192 590.5335878371095 651.3948498258536 1308.567914671591 1285.27734161542 820.5854423756177 330.6444061831339 338.97984991625475 0 935.5956366245852 758.512213057622 1298.0728134665383 1546.1254281940762 1319.302926474265 1285.6364719042006 1295.4278727158219 1295.00346767159 1069.8819735330537 1326.1690867664756 365.9139508772408 1126.7578965213474 975.1525725112873 937.7263608832217 430.6664899004906 256.4493353269936 242.6213700353043 502.9422502142751 633.1775755113176 609.9301312347484 1117.8364063382833 1058.5171232157797 989.0879404092468 1380.5085626212142 1333.3219549377825 1091.2720373930217 1969.1799179622099 1584.4796306639046 1742.8527967331752 1602.451633874753 1466.0402652094429 1170.8729598919945 1267.2341193767306 903.7725976964089 1382.3060807416277 1198.1892260423472 974.4346563047169 683.1489762460295 956.8001054031281 825.2886115845918 591.4106351253322 577.5629554518101 394.7912187613695 1218.5673903114223 377.34830655825135 494.5101635882925 587.6803296550812 531.278806765869 1359.759240503988 531.3560113906466 1351.6406724032297 1279.9454628982141 812.4453460037788 737.531876997007 827.1942127443295 1017.7358194193699 1139.7125022157782 1428.0479170309209 704.4310932939791 876.3820889215049 1274.0358682136568 1332.5890405717812 1510.9721723869116 1237.9940218890142 1439.374545545013 398.6851795733812 1345.5548101232632 1328.2512779616338 1212.2261720880856 1210.4520426666043 1252.936306775633 569.4804964371338 573.6965296187975 1335.040485193137 393.80251863021 1346.3098598062384 1396.038832709852 307.8480270140394 1392.7311011281959 1267.7850215209053 1665.7680715218635 1466.7294985925437 588.2792553345395 1266.2475021918044 941.121746785851 914.5074282328557 1544.8840150801454 1576.5196084652082 252.25049108047298 1625.1882272086107 1578.4232176935534 1312.443597968061
1205.5826415902718 219.73675693236572 1201.5653294435467 1756.1231126264317 1525.9903603815624 1053.3244613227464 1082.5196686410416 1248.545394481113 1339.32813225837 1337.5630649743257 1387.4160117133104 1311.758362380078 861.6660011796041 845.2310485577912 935.5956366245852 0 438.23038712418276 1450.9028286559815 2274.5141895759944 1006.4191148368437 1701.6595201848786 1814.7973900077534 1865.7167214142405 1729.0738493550787 1984.790586537672 739.6668869350135 1846.816509169834 1631.2208257755367 1683.732294138081 1238.6932576989968 1130.3105336496649 1167.423881300934 682.6043976321394 615.6772188814055 328.80881084100656 375.138180302221 311.6841132864445 262.6193277323982 445.2643028228415 414.2335004523296 325.6538299394392 2575.134675925834 2027.8083809685886 2344.525840756829 2191.482844875171 1880.7359155527542 1825.5750595043858 1669.0008306417353 1639.1417595168723 548.7154346054465 501.6863321316215 759.6196836518203 544.6359390825386 1521.3776202986865 1420.0603223560117 1345.5621462085783 708.4586536515372 985.4960591819672 1580.3335217755384 632.8495605508035 465.67290320621737 348.3092507068153 417.66656615055774 962.7924183962509 867.9919260667866 1184.4908352426967 1095.5164436639393 754.4342632715374 1212.1190037245512 1365.107364667127 1579.6367634068304 1703.6252557922244 2038.2139801736864 754.7908191020011 1303.695391137115 1984.7624760536692 2023.7911933493583 2319.8067026257036 447.77724726210323 761.1752291883857 537.1040161727652 1207.1147089874428 1251.6227986275267 1357.343749548152 1402.6000184876225 1406.283509075001 1167.0688545557227 1230.8598991848357 2014.2904093623474 604.7317203739394 1473.5150845613614 1693.7710592197793 988.0078940253485 1900.2039602927814 1965.7083907508331 2208.5678956619126 2082.1120284989747 387.91514030061194 1280.41301665568 480.63871007101864 417.40333603377223 2101.031387136877 2157.633699925362 950.1219335386064 2187.0577826512017 2010.4720409177062 958.429808363489
832.4671963919272 622.7383302410842 763.4745978847069 1318.239640857249 1132.6538223232124 695.9819611539469 735.8465585188889 877.6018859667566 968.2016903336938 919.9007196971005 960.0967899856263 894.7867431830124 545.1740885938933 527.1801088484683 758.512213057622 438.23038712418276 0 1019.342356881896 1876.766142603151 678.2012771250356 1265.519506461741 1385.8529031387482 1442.6556011571959 1326.9854048777054 1575.3497910369117 433.2275075639246 1457.111451437778 1232.1941530430474 1308.905903298206 925.7133508523185 868.8139077473445 941.4798519027748 318.74102866992035 203.16502560560218 392.39714735100506 804.0187385937958 736.3186328371745 673.9873294298644 799.5418613590158 815.9718870599156 755.9009438426542 2148.392180624779 1590.8558412910252 1919.2317598597865 1766.0925761167582 1443.3689828307529 1419.320645557494 1232.423676155857 1262.8351587789086 656.2310762095104 445.2857790264008 359.9751446928861 121.6493140375475 1107.1938526901322 1017.2951425992951 997.0514965505395 307.16162107150143 642.010513812464 1142.8275070231916 381.4304961130669 308.22979673361544 373.51885061503975 453.8326160060254 676.2376927024833 476.0950669246993 809.3839011917743 720.3326984312048 317.74577266282455 799.0144281256071 953.6299578940149 1162.7129577128694 1283.2089125039422 1618.3033323920206 321.0519452712793 877.3328015059745 1588.287607470278 1621.1582999957375 1949.905532849678 507.67935536303287 681.0765961715122 452.4348458669795 824.0295359678645 853.3004505145591 924.5410180740287 967.0056933101018 973.760354019338 788.5339185678415 861.796220757625 1608.9283221663757 365.18843745546366 1045.2600400590532 1256.0464162887104 677.2210318329501 1468.762555180359 1566.2426070631839 1777.4137537520428 1662.360752421598 236.79899743087145 863.1843686752138 185.33720443277656 157.47655942442157 1672.4420931861237 1731.5574203203334 660.7401223331743 1758.2050578964634 1573.1601834279543 647.3800538332607
811.9343528664656 1642.0020861922187 299.68811840625045 419.57429222906853 789.6876146427402 863.2072776845333 900.643570854259 828.0193346909314 848.1026798808462 187.42540230981004 84.43724910120193 568.8932755358145 977.4673390922961 974.5488447654974 1298.0728134665383 1450.9028286559815 1019.342356881896 0 1267.7313402765933 670.9102500488661 439.6672372945001 640.0995977234476 743.6947996969577 833.5860880564087 952.313383451875 1005.080226699743 992.8718925232318 800.9613150166227 980.2167093499988 1051.17243709632 1171.3275152469903 1285.144038655285 924.4317404810572 893.3260887731219 1361.6643123280458 1822.3085772905445 1755.1621374509161 1693.325519620259 1724.522208562128 1780.3007980646141 1773.7058508722114 1315.6014586146146 683.1966979686799 1117.7093184265125 981.7988222460485 542.921279165943 863.4303797020156 406.3339834868318 946.8136777324639 1404.1429246240423 1173.427632689704 705.8162121872282 936.6289516165042 635.1613470171899 690.45371608661 952.4296290832611 848.9768015620145 906.533794079283 321.9994666204817 1095.242173057676 1191.457515106413 1333.4043726359776 1382.8799178585775 782.4068733926925 790.091495740557 465.6012409125636 502.2878062114814 703.0478908455979 601.9551470632229 616.3371921494327 634.3458726158206 664.4005064770615 905.8253944504166 739.5537192344343 483.8120238534169 1046.0870914794905 1032.717821716286 1471.5374536658517 1298.5968738214967 1179.683302546771 1293.8382416883567 425.45414743356685 339.0303788318295 96.3268002136033 92.23483687858537 47.76240960846475 785.0068859524483 833.315973061371 1005.645695523123 1110.7711236283394 53.7987501122786 293.13861134198237 998.1596062220958 670.4845251499988 1011.4877362007528 935.0934949964419 942.6986582942035 1185.5844173316157 224.48153538701823 992.2807906624685 1047.6410184460578 870.7178852291526 945.7964191986737 1047.7709109649177 942.1970207543195 658.3203791397615 727.0912716131311
1073.084059144385 2384.218654889646 1267.3901185537654 877.8257323146431 748.5359827189413 1229.6773678057991 1209.616451750332 1032.5012078496318 944.4687973403471 1448.158775620591 1343.8486594819447 990.3042573126378 1434.0072418087605 1447.8597617341752 1546.1254281940762 2274.5141895759944 1876.766142603151 1267.7313402765933 0 1882.8612385712147 830.1442830030679 628.0074096146764 524.3068655228172 549.9869652024794 323.69956335998387 1549.2665885127224 431.1902501281644 644.9616324877292 612.2206233291298 1117.9712534349785 1290.1781781727677 1340.3537645409094 1592.0114704067535 1675.588572513955 2022.1166193816043 2573.816350843839 2506.1281429114624 2433.6174453586386 2675.9314103229012 2681.979591200521 2535.3822885800755 531.9221513178992 733.7572870720969 400.34680824893803 395.61411758050997 795.5973720808595 462.3687403128971 861.9725714253602 651.3278713727348 2473.339654504469 2229.014830271662 1745.8202297562211 1755.6406003110658 779.8365143844669 859.4815783274194 967.2528278327036 1574.4477222214896 1302.6650352351373 947.6514877459698 1667.1512838262809 1835.2527528309067 1991.054711195225 1981.6742126945312 1990.0330791288802 1408.8073261060904 1713.7901046198263 1723.8346384079027 1626.3964704054924 1080.049905756639 926.2380590101197 733.3320309450337 636.9175208766104 371.41301057571536 1568.6366484152345 1030.052068890732 289.7529934076668 258.9056541528347 284.3032887098238 2335.7471300399943 2333.951036632523 1839.5598530399145 1676.1425712713526 1593.2895141688973 1288.1112946206615 1219.3187204970463 1270.9933763618844 1108.7650824677128 1050.960168074501 277.26416925379743 1695.507089956775 1304.8167596577275 1022.6025383822104 1327.7871206303917 616.3475351541068 310.53919416974196 517.6577229028935 344.34326613552196 1893.977220246373 1468.121907052236 1964.7141567993103 1992.1125258960533 477.1057952891987 414.605577796245 1381.6308793050641 465.39662642364107 757.4621666981246 1927.775689327351
1086.978301653977 1224.548839155004 623.213822604718 1085.6077666646183 1250.532642595938 1032.3639601344137 1082.2962266681518 1125.4149394385543 1192.6698506715002 489.3018439428228 586.5671129541535 967.0403609851193 1008.7526644212943 995.174821779289 1319.302926474265 1006.4191148368437 678.2012771250356 670.9102500488661 1882.8612385712147 0 1086.431793588166 1273.1590815942752 1366.5801067420598 1376.5628645711718 1559.2594327442964 953.6842189616606 1536.5606426873153 1309.8167000250396 1458.1768788621562 1288.5641677408007 1321.954640054448 1425.3547244722677 818.5820586003305 700.0903825481272 1069.054105084957 1372.2992122631763 1314.336363737013 1269.0294906404777 1150.8426031418433 1234.1256023634098 1322.9665542644032 1984.596345018085 1354.0028978660455 1780.8256471724428 1639.2259594308077 1212.0835967654918 1437.3620856051316 1050.3630629254887 1414.7110218348516 778.6863006773186 582.971745688328 348.96200658969536 679.0545502394255 1140.0355477638443 1123.4525483234208 1272.5140215075426 741.7609334759 1025.6200469694777 954.0994271964868 974.7025008517126 970.4246372417568 1051.4767275855745 1131.614316313026 111.58184619333515 823.7738715207314 225.380992079086 168.63064227528218 507.1986656530348 922.6313947828841 1037.080663196558 1169.3659091871655 1247.62079503598 1541.5654312780846 616.9723368719866 895.8511431762556 1626.7040491922353 1630.810824191095 2045.9555849902085 706.1527443525589 517.3958694259559 1111.5264700933683 263.2377170530701 343.7382875558129 614.7401313928493 684.2896529840147 646.9927107794551 1041.2392364648726 1118.9566591195287 1607.9758499481673 972.5942718145469 660.2304340552837 964.0430078731106 1105.9673654389253 1321.9814186349493 1595.160326327583 1602.1954613343678 1582.0601251636542 912.6820077498231 446.42871474165963 538.7842742035174 602.7951249894 1529.4704091746803 1602.7554517950337 1125.3118705088289 1605.238146848971 1329.218718913358 61.18903331990238
