47
5
360
120
20
0 0
1 129
2 66
3 38
4 63
5 97
6 54
7 34
8 37
9 44
10 77
11 56
12 30
13 32
14 26
15 25
16 14
17 15
18 28
19 100
20 27
21 36
22 30
23 33
24 49
25 32
26 27
27 42
28 107
29 6
30 36
31 33
32 68
33 27
34 38
35 25
36 32
37 25
38 70
39 52
40 37
41 63
42 29
43 26
44 86
45 8
46 31

0 1311.442883862459 330.3299695901295 157.64312298478163 149.4438731991906 45.361339627981465 825.5171180081356 377.0461293634445 1205.5826415902718 832.4671963919272 726.1384286435201 735.3878099072458 802.7808398217053 476.49766772973715 440.537162486746 239.36536072805572 526.9724511856602 950.3764574014517 1433.5570005516083 1462.573153984146 1636.119322063936 701.1969527419897 1472.2471574489612 711.6483834701895 109.28789608939353 195.64441257335778 595.1905967397306 762.3449852138373 919.0988203326377 915.3892809739316 930.4061735839364 981.4405949114298 654.2970351218844 953.0742330520732 210.36679706940404 522.2069299548814 562.5816060263968 1119.5612843298147 719.7064664876712 816.1903893447274 47.72833660444355 32.66791951525051 623.327463846662 280.65947456759466 856.6112042921122 955.9921865134743 1179.6007080852496
1311.442883862459 0 1639.752120406954 1154.5461914681964 1176.1537670429734 1351.719430790358 1582.522907552845 936.7942725094931 219.73675693236572 622.7383302410842 1962.3678213252308 2004.8536607947876 2107.865339925649 834.9937022585299 1748.2187484867477 1306.447837030463 810.5237440415972 363.914925464355 122.67721637311939 151.17047561523728 325.7701712721436 1832.6918865998398 726.0497330853628 712.9608650601535 1405.652171655819 1124.2449050089213 717.3201586240056 549.1139309347801 394.2415322600977 422.21618031386646 1375.556171412724 1308.6052960830243 939.4424626555325 1330.569613815739 1348.2085302704181 1777.5801214377786 922.5321899567042 2405.8410057200185 1587.9740546907294 1737.215686182391 1277.7247297291974 1333.2806540659315 688.8598507183216 1066.2160419361612 1481.7476369514995 693.475596967462 2411.202655387682
330.3299695901295 1639.752120406954 0 487.91681727459587 475.45550553476573 294.2910340973457 835.210347937565 707.3045254501421 1525.9903603815624 1132.6538223232124 451.1987788418963 430.8940526579596 472.81551791418747 805.5952781879831 110.69809762891849 451.00795697852055 843.4771277709284 1279.8604120505324 1762.105461177595 1790.7548595768942 1964.917954737967 518.9748688266156 1748.5307813162513 1011.0834323392914 235.34477471405717 524.6185915864914 924.8491909771309 1090.7880159015729 1248.4750922107735 1245.7075010543551 1036.9730486454882 1113.9157432800898 904.1393583921976 1076.5001860144303 350.5867904296916 260.33836548392236 833.400213856768 827.6423650277574 705.7694803420283 744.1280931992248 362.0316806334604 313.07214539680643 952.8142402434963 602.7779164300605 915.4183273759783 1233.3628309886997 882.1611437936165
157.64312298478163 1154.5461914681964 487.91681727459587 0 49.97217547949427 197.21428537146505 861.6094971909104 219.4051336804902 1053.3244613227464 695.9819611539469 869.1173209602144 885.9235610507852 960.1146081630922 319.6060073100891 597.9728952561771 258.6195883412478 381.7830331370307 792.9753413634945 1276.5199717297724 1305.7071956835741 1478.942208299883 818.2986095225538 1345.727672684312 577.6156963643788 260.1069388821624 49.523268894352704 437.7845591214201 605.6071602195412 761.7553389568069 757.9166140729053 912.7732940005274 947.6394871278263 560.5222340545415 925.3414160566324 285.54067040416544 667.1798355383751 457.26986038630446 1267.2959933656568 772.8258762112066 888.3008793182609 131.77561738558458 178.88540505877248 466.0139437384873 144.44031658503505 867.2985499880017 833.7576796105839 1325.26629399576
149.4438731991906 1176.1537670429734 475.45550553476573 49.97217547949427 0 181.1655177473654 902.0406720257654 239.73743011214043 1082.5196686410416 735.8465585188889 874.0786640891604 884.8264170643046 948.1728139676198 344.0141173784366 586.1377091297642 209.0359314772438 419.0198721418993 813.0457216290716 1297.5604465270897 1327.2762633008385 1499.3287950393824 836.4087615809135 1387.9699620123895 618.8504938809115 258.12738473374316 52.142324537183256 459.0236014668342 628.7073563220115 782.1969806580057 772.8816331270276 960.6639353521537 996.7707595119866 609.5397328772168 974.0596073248328 311.99355557659396 670.5644959717847 505.4124050075647 1237.3680239552612 809.5975411129398 920.9572114088315 138.82708039694785 162.38979750373355 487.5964331084141 131.46198533592886 911.8524710176467 877.8090462062613 1328.4516820314902
45.361339627981465 1351.719430790358 294.2910340973457 197.21428537146505 181.1655177473654 0 845.7674727932646 415.70582057401316 1248.545394481113 877.6018859667566 704.8974630871628 708.4166052048748 767.0397559938951 516.8177054881667 404.9722927784241 226.77709491078525 571.1345283404495 989.8542135453043 1473.6419097149858 1502.8847800361123 1675.9807089805645 694.1678358589361 1517.5896100497957 756.8584391635782 94.69486301366452 230.69533290189787 634.7384984697154 802.8191928425127 958.7051755840755 952.6836653111852 962.6612561158028 1016.604521932925 698.2777139234372 987.2051203309873 231.39956420271267 500.6358105201918 607.4582194577841 1075.1140002401753 735.868249530683 825.7963913622931 92.13063240481195 18.791942602964905 663.0477662278455 309.61814538213 883.0561345122727 1001.2941998514351 1155.503862457779
825.5171180081356 1582.522907552845 835.210347937565 861.6094971909104 902.0406720257654 845.7674727932646 0 955.1370434027599 1387.4160117133104 960.0967899856263 717.4685690721412 819.5467894764474 1026.1305864336198 977.1904985448588 855.558940433372 1064.4938153037533 887.5988507044767 1312.6583817479059 1693.9343825895314 1711.5537455821286 1880.4241604855533 484.7152365635654 1324.1206085565766 883.482801204283 769.1267529202274 906.290561998865 1061.0832080295452 1147.7178946321533 1285.1861538058774 1338.5914454944234 311.04285358122144 417.9626891913158 646.9928368172692 373.07254055352234 615.4970135703758 684.5318434049799 693.4601975479362 1541.638467939223 132.40988771704784 206.53684443685066 794.6422252989931 849.2625583873873 1074.8698863448935 991.3194024223193 140.17597439665192 922.8411840044697 1022.2206445062136
377.0461293634445 936.7942725094931 707.3045254501421 219.4051336804902 239.73743011214043 415.70582057401316 955.1370434027599 0 845.2310485577912 527.1801088484683 1075.4213719955308 1099.0815048408435 1179.2922449170824 105.61559981881318 817.2668815383935 402.80717940584634 213.01345858717963 574.2602432332476 1058.4318280973832 1087.952090274851 1260.5270470110534 1000.7456580710096 1183.2231748949694 420.56193278281455 477.5597982852704 187.655079295624 219.4778282578269 388.9699542148298 543.2055745790484 538.8144073689006 934.5451747607 944.8824761867535 489.70392018035807 932.327150382957 465.5749381533281 876.6552753848965 378.7666935495742 1475.9012916324482 890.1768298965308 1022.3118858967953 348.1321061347791 397.11142105687975 247.9854118732175 150.66464086219202 929.0495870673319 689.2657244448582 1532.4153723418292
1205.5826415902718 219.73675693236572 1525.9903603815624 1053.3244613227464 1082.5196686410416 1248.545394481113 1387.4160117133104 845.2310485577912 0 438.23038712418276 1814.7973900077534 1865.7167214142405 1984.790586537672 739.6668869350135 1631.2208257755367 1238.6932576989968 682.6043976321394 328.80881084100656 311.6841132864445 325.6538299394392 493.1865906169369 1669.0008306417353 548.7154346054465 544.6359390825386 1290.723545524835 1030.569819275845 632.8495605508035 465.67290320621737 348.3092507068153 417.66656615055774 1166.5021877689219 1095.5164436639393 754.4342632715374 1119.3196379509839 1212.1190037245512 1638.8834655979485 754.7908191020011 2319.8067026257036 1402.6000184876225 1551.3058615378861 1167.0688545557227 1230.8598991848357 604.7317203739394 988.0078940253485 1280.41301665568 480.63871007101864 2255.8237928731505
832.4671963919272 622.7383302410842 1132.6538223232124 695.9819611539469 735.8465585188889 877.6018859667566 960.0967899856263 527.1801088484683 438.23038712418276 0 1385.8529031387482 1442.6556011571959 1575.3497910369117 433.2275075639246 1232.1941530430474 925.7133508523185 318.74102866992035 392.39714735100506 736.3186328371745 755.9009438426542 928.6649850420246 1232.423676155857 656.2310762095104 121.6493140375475 901.6198829521892 687.8074526465355 381.4304961130669 308.22979673361544 373.51885061503975 453.8326160060254 771.422428549307 720.3326984312048 317.74577266282455 734.1823498970755 799.0144281256071 1217.6843829787524 321.0519452712793 1949.905532849678 967.0056933101018 1116.1025775347343 788.5339185678415 861.796220757625 365.18843745546366 677.2210318329501 863.1843686752138 185.33720443277656 1821.5424182639763
726.1384286435201 1962.3678213252308 451.1987788418963 869.1173209602144 874.0786640891604 704.8974630871628 717.4685690721412 1075.4213719955308 1814.7973900077534 1385.8529031387482 0 107.46934278644623 320.0758323553091 1158.116726801406 369.8911877274038 896.501982664382 1153.0645684291514 1619.2647453053994 2084.4597557037637 2109.9878060510196 2286.4678256721186 233.98274735279801 1921.7604086408592 1271.5182088145539 616.8701250094674 914.9945104668446 1276.4409284757494 1427.6496554325945 1587.638854949331 1603.1799890189848 1008.6552168609122 1109.488118937021 1095.0503603466768 1065.026812831698 618.5090606476876 204.2692461028444 1064.8553140222637 847.4924262740817 596.2708643247394 536.6023889528205 738.377992914096 721.8759242862975 1301.8737735217828 1005.4230320406257 845.4442694200188 1435.6242535489148 456.9947145870147
735.3878099072458 2004.8536607947876 430.8940526579596 885.9235610507852 884.8264170643046 708.4166052048748 819.5467894764474 1099.0815048408435 1865.7167214142405 1442.6556011571959 107.46934278644623 0 212.63594854070774 1187.478236945507 332.8009994539767 881.8775836413372 1194.3704051280686 1655.5511138203815 2127.3808475255723 2153.8629312521953 2330.1261377938094 339.0341249838958 1997.0851908231955 1325.7647841108626 627.1688906318473 929.2792203252279 1307.0504122306374 1463.6926020008946 1623.8518245423654 1633.7251538208238 1105.5714784113545 1204.7422709533303 1161.4756036368385 1160.6724315257845 656.6915907452158 227.35158282400823 1122.9455486111722 740.0254466587465 695.695354630489 642.6261127434142 754.1502202606083 726.4094775359216 1333.4438340452225 1015.9554160654902 944.8167958788536 1503.17791818999 451.26824578876824
802.7808398217053 2107.865339925649 472.81551791418747 960.1146081630922 948.1728139676198 767.0397559938951 1026.1305864336198 1179.2922449170824 1984.790586537672 1575.3497910369117 320.0758323553091 212.63594854070774 0 1275.984582380124 362.2810978898427 897.2563815636906 1303.6750193888206 1750.0692934304554 2230.451816856835 2258.526314529349 2433.500682417954 550.253761956166 2158.072834764624 1455.3505154196591 703.0445517278231 997.4296299915776 1395.689772286432 1559.867030827869 1718.551003310837 1718.0231518337516 1304.2876252794401 1400.7052550315295 1313.14543094144 1357.361542019295 776.4359403584888 376.7531186379969 1261.604111844775 527.5809149801609 899.4902410586737 854.0893832686136 832.0760022134077 785.8286294366408 1423.3923835605485 1074.5220939146225 1147.4929195952427 1653.5383713149427 505.8775817392669
476.49766772973715 834.9937022585299 805.5952781879831 319.6060073100891 344.0141173784366 516.8177054881667 977.1904985448588 105.61559981881318 739.6668869350135 433.2275075639246 1158.116726801406 1187.478236945507 1275.984582380124 0 914.8015443063466 506.16035791830814 138.09023928126007 474.28947948661613 957.0621713852081 986.1437612429328 1159.637316604955 1068.3947414543563 1087.015762038217 335.1594220372096 572.9539461390117 291.87960854713197 119.97952616850951 286.0014983749233 442.88147308337204 446.2478612964802 922.2071106994875 920.5872020529545 447.4344527487499 912.9367576321016 541.3165038436905 962.6933992620552 341.37991886450203 1581.029937131798 925.1244635220914 1063.599370993359 444.0089526700172 498.4445473680946 147.41265809458977 253.04563956127618 936.1067771808433 603.4140294874836 1614.5021041552118
440.537162486746 1748.2187484867477 110.69809762891849 597.9728952561771 586.1377091297642 404.9722927784241 855.558940433372 817.2668815383935 1631.2208257755367 1232.1941530430474 369.8911877274038 332.8009994539767 362.2810978898427 914.8015443063466 0 553.4294901503113 948.6708315333391 1389.0801926221113 1870.6736586415518 1899.119298001434 2073.594021841787 481.75668229203717 1838.8265603023885 1110.9245670382643 342.5959406200741 635.1853872828193 1034.2840689552766 1199.5175318266204 1357.6363176207672 1355.881111136036 1082.4446557377482 1165.8007809649637 991.867325072633 1126.3087513582448 439.0700168601571 207.15795310256857 927.2348274327684 745.0074843911148 723.4896278199268 739.5798441490526 470.8268990191175 423.7494259680019 1062.1379414593039 713.3922240179735 949.0572989085681 1325.8779825193465 782.2246182626483
239.36536072805572 1306.447837030463 451.00795697852055 258.6195883412478 209.0359314772438 226.77709491078525 1064.4938153037533 402.80717940584634 1238.6932576989968 925.7133508523185 896.501982664382 881.8775836413372 897.2563815636906 506.16035791830814 553.4294901503113 0 607.1050118286873 944.0110163532194 1424.6473180580438 1455.914056972821 1622.415052200906 912.7787087225674 1581.5033124370877 812.9853235945365 318.6032927239831 245.80800436835088 605.8917560325593 774.0028068287453 915.0774786365639 887.9917707111472 1154.612885133732 1197.1151113161764 818.3905145958453 1172.159147121412 449.71929674299815 695.6040701387886 713.4020394894337 1102.9755940923274 958.9380891953613 1052.313819848126 271.2957509773798 218.7906206390355 633.9615833614229 253.12259682907535 1091.1474769603274 1077.1792368482259 1333.1282545586437
526.9724511856602 810.5237440415972 843.4771277709284 381.7830331370307 419.0198721418993 571.1345283404495 887.5988507044767 213.01345858717963 682.6043976321394 318.74102866992035 1153.0645684291514 1194.3704051280686 1303.6750193888206 138.09023928126007 948.6708315333391 607.1050118286873 0 469.15896697424455 933.0176359560488 959.5586211477814 1135.7674530248578 1037.2656172970342 974.4268763739967 207.83196662822405 608.315531794229 369.93555990255294 175.6954187869979 280.61090995337054 437.9061978892141 468.50867396711203 802.6877803507988 793.3892015200121 315.0325392171468 788.7387142485317 537.6937104851039 967.071863394933 215.13687820521477 1646.201126827924 850.7573976740989 995.0460613993807 486.3262013118605 554.2058117104352 187.33762619121356 360.60912576350916 832.2471583358114 476.27264601374156 1604.734860021826
950.3764574014517 363.914925464355 1279.8604120505324 792.9753413634945 813.0457216290716 989.8542135453043 1312.6583817479059 574.2602432332476 328.80881084100656 392.39714735100506 1619.2647453053994 1655.5511138203815 1750.0692934304554 474.28947948661613 1389.0801926221113 944.0110163532194 469.15896697424455 0 484.6350438204051 514.7253069454954 686.3165107319436 1505.9720847650042 832.9198620577936 432.66897956570784 1047.040080596548 761.2862610630036 355.196075727862 191.87628242711293 31.69984334819774 93.44472827159213 1155.7728898009057 1110.8196885847028 670.248219908694 1122.3571483242465 1001.2119296349841 1429.0572831523305 622.3908386272922 2042.0765726922743 1296.814379656625 1444.7244722964585 918.264328995057 971.3053460828697 327.0743821419091 702.3235947712427 1231.2371987296244 544.2238528219435 2072.670404227314
1433.5570005516083 122.67721637311939 1762.105461177595 1276.5199717297724 1297.5604465270897 1473.6419097149858 1693.9343825895314 1058.4318280973832 311.6841132864445 736.3186328371745 2084.4597557037637 2127.3808475255723 2230.451816856835 957.0621713852081 1870.6736586415518 1424.6473180580438 933.0176359560488 484.6350438204051 0 33.15620847284503 203.10032090620945 1952.995774063123 753.2648754706288 830.9295974833644 1528.1302131415844 1245.727621801713 839.0156132024314 671.3445336646863 515.3652982727737 537.5874621627593 1478.0804582351166 1406.9908654151693 1053.9574450015716 1430.9979542405472 1470.711333199496 1900.0893922839703 1041.2360739516234 2525.356593557127 1703.1580548593374 1852.3166576633912 1400.0945064430887 1455.1684824778386 810.6269712950697 1186.3403474322681 1589.8579633912564 792.3157355526778 2532.733355267052
1462.573153984146 151.17047561523728 1790.7548595768942 1305.7071956835741 1327.2762633008385 1502.8847800361123 1711.5537455821286 1087.952090274851 325.6538299394392 755.9009438426542 2109.9878060510196 2153.8629312521953 2258.526314529349 986.1437612429328 1899.119298001434 1455.914056972821 959.5586211477814 514.7253069454954 33.15620847284503 0 176.4828285149029 1976.4009349267649 744.1926382125432 852.9508592561617 1556.5329772471955 1275.3817141587506 868.4810533338381 700.2304138863691 545.2297609398034 569.3784309104257 1491.6169718869658 1418.8506617782589 1073.6441177351285 1443.6793287235614 1497.1742988818298 1926.5309379606317 1063.6000431634718 2556.1730980386697 1722.8941899565343 1871.9583736427571 1428.7231835613147 1484.4486998041975 840.0266645668521 1216.8368203558218 1605.8663914531185 805.261525278172 2557.4088230245534
1636.119322063936 325.7701712721436 1964.917954737967 1478.942208299883 1499.3287950393824 1675.9807089805645 1880.4241604855533 1260.5270470110534 493.1865906169369 928.6649850420246 2286.4678256721186 2330.1261377938094 2433.500682417954 1159.637316604955 2073.594021841787 1622.415052200906 1135.7674530248578 686.3165107319436 203.10032090620945 176.4828285149029 0 2152.2534531977376 834.3653415885714 1028.064915124609 1731.0814937891575 1447.5975325976751 1041.2468273656345 874.132548216981 717.3228263678412 734.4283838168442 1652.5100761825809 1575.9133751672218 1246.1399013737832 1602.673482337342 1673.4354771568214 2102.808203872682 1238.8817356753239 2724.39826345202 1895.0624134413015 2043.939201525962 1602.9385365255048 1657.4692532516065 1012.9408658798577 1386.645058121313 1771.8458016550103 966.7271098640173 2733.7951846686838
701.1969527419897 1832.6918865998398 518.9748688266156 818.2986095225538 836.4087615809135 694.1678358589361 484.7152365635654 1000.7456580710096 1669.0008306417353 1232.423676155857 233.98274735279801 339.0341249838958 550.253761956166 1068.3947414543563 481.75668229203717 912.7787087225674 1037.2656172970342 1505.9720847650042 1952.995774063123 1976.4009349267649 2152.2534531977376 0 1727.6335415922767 1125.2244645860267 599.4873535163917 867.4571659982379 1181.0816013822255 1317.651166947058 1474.9101579840833 1502.3033223694026 781.5183277865378 884.4504508129328 925.9381114095427 839.5598551599769 537.1936359090645 274.9185402517559 914.4444578605029 1075.1661648807544 367.52993375408215 303.8358596668729 698.0588412637733 707.5944107061903 1203.8796948234758 962.2191490049041 615.4622504703992 1259.5273591138937 593.5735927911745
1472.2471574489612 726.0497330853628 1748.5307813162513 1345.727672684312 1387.9699620123895 1517.5896100497957 1324.1206085565766 1183.2231748949694 548.7154346054465 656.2310762095104 1921.7604086408592 1997.0851908231955 2158.072834764624 1087.015762038217 1838.8265603023885 1581.5033124370877 974.4268763739967 832.9198620577936 753.2648754706288 744.1926382125432 834.3653415885714 1727.6335415922767 0 769.4191407603148 1527.9593246109728 1341.397571157995 1018.0686933032201 889.2345173497032 840.0392789708148 926.2076738864122 1030.332059918786 929.3637209608115 847.4726095062609 969.0642879394308 1400.1037866985967 1784.3749446641687 916.4950443385516 2575.5423678055286 1389.3970646661323 1523.0038729282485 1426.152129496871 1503.1621869360545 995.9657375182933 1333.424186870914 1189.368990539927 516.9786288216065 2316.4378254832723
711.6483834701895 712.9608650601535 1011.0834323392914 577.6156963643788 618.8504938809115 756.8584391635782 883.482801204283 420.56193278281455 544.6359390825386 121.6493140375475 1271.5182088145539 1325.7647841108626 1455.3505154196591 335.1594220372096 1110.9245670382643 812.9853235945365 207.83196662822405 432.66897956570784 830.9295974833644 852.9508592561617 1028.064915124609 1125.2244645860267 769.4191407603148 0 779.9780846528628 571.9803252215194 310.50516397734486 295.2235084327664 407.2959432252597 473.0391277119119 727.6016407917222 692.1436838815455 237.88039211024258 698.7289687911783 678.9170512225967 1100.029101792037 210.9027800873217 1828.445075646212 877.6352462491485 1026.7773532595572 667.4041879210469 741.2520490953982 301.99871062623146 568.3566205890326 798.6374867166454 269.03422782795514 1711.187858736182
109.28789608939353 1405.652171655819 235.34477471405717 260.1069388821624 258.12738473374316 94.69486301366452 769.1267529202274 477.5597982852704 1290.723545524835 901.6198829521892 616.8701250094674 627.1688906318473 703.0445517278231 572.9539461390117 342.5959406200741 318.6032927239831 608.315531794229 1047.040080596548 1528.1302131415844 1556.5329772471955 1731.0814937891575 599.4873535163917 1527.9593246109728 779.9780846528628 0 302.1912289053957 692.7202516626518 857.0891809958817 1015.5361269519381 1016.2104582550402 908.0172738603349 969.4300164288999 692.2004671346303 937.2808611417179 168.49531881087702 412.9192142106682 611.6447771290691 1049.880043206891 654.365181923814 737.4668750811246 129.43651147839026 108.62083114596768 720.3659263991125 389.5610560634625 816.3675911082339 1011.1379781489429 1070.4284954687953
195.64441257335778 1124.2449050089213 524.6185915864914 49.523268894352704 52.142324537183256 230.69533290189787 906.290561998865 187.655079295624 1030.569819275845 687.8074526465355 914.9945104668446 929.2792203252279 997.4296299915776 291.87960854713197 635.1853872828193 245.80800436835088 369.93555990255294 761.2862610630036 1245.727621801713 1275.3817141587506 1447.5975325976751 867.4571659982379 1341.397571157995 571.9803252215194 302.1912289053957 0 407.0256333685334 576.6171324243949 730.3810778005706 722.1324225308919 947.7418517561216 978.6356283023316 575.4026400867785 957.9217825631563 335.0574100530648 712.3549765339184 468.76435802916467 1289.397726418762 819.7165649691175 936.6567472283839 176.61671954402348 211.92008406214967 435.57963569709204 94.9580959574632 908.0512444610881 833.3416420998154 1370.5831279305335
595.1905967397306 717.3201586240056 924.8491909771309 437.7845591214201 459.0236014668342 634.7384984697154 1061.0832080295452 219.4778282578269 632.8495605508035 381.4304961130669 1276.4409284757494 1307.0504122306374 1395.689772286432 119.97952616850951 1034.2840689552766 605.8917560325593 175.6954187869979 355.196075727862 839.0156132024314 868.4810533338381 1041.2468273656345 1181.0816013822255 1018.0686933032201 310.50516397734486 692.7202516626518 407.0256333685334 0 170.3146592467024 323.97812808963226 326.91571895493524 975.9833785120052 961.9194389727068 481.5633316674049 959.6091901454367 658.643492243785 1081.9264010476982 388.57306905452805 1693.2430672858172 1019.0216865665409 1161.0373547615695 563.6235790535349 616.2224422625127 28.65160615123726 355.62598864633003 1007.9015310017465 563.8104904090925 1732.429868612752
762.3449852138373 549.1139309347801 1090.7880159015729 605.6071602195412 628.7073563220115 802.8191928425127 1147.7178946321533 388.9699542148298 465.67290320621737 308.22979673361544 1427.6496554325945 1463.6926020008946 1559.867030827869 286.0014983749233 1199.5175318266204 774.0028068287453 280.61090995337054 191.87628242711293 671.3445336646863 700.2304138863691 874.132548216981 1317.651166947058 889.2345173497032 295.2235084327664 857.0891809958817 576.6171324243949 170.3146592467024 0 160.18304465212972 191.46719586093624 1018.8502849242956 987.0851940020323 520.435038220218 992.5449674962932 809.444889119395 1237.1810008277325 454.42670761258813 1863.5576887210239 1122.3047106882068 1268.7201621423003 728.8085913298065 784.4400562114789 141.67326735818966 525.3594898659397 1076.7922041280094 490.3905889111013 1881.4736526826996
919.0988203326377 394.2415322600977 1248.4750922107735 761.7553389568069 782.1969806580057 958.7051755840755 1285.1861538058774 543.2055745790484 348.3092507068153 373.51885061503975 1587.638854949331 1623.8518245423654 1718.551003310837 442.88147308337204 1357.6363176207672 915.0774786365639 437.9061978892141 31.69984334819774 515.3652982727737 545.2297609398034 717.3228263678412 1474.9101579840833 840.0392789708148 407.2959432252597 1015.5361269519381 730.3810778005706 323.97812808963226 160.18304465212972 0 90.34099673471543 1132.452290193069 1089.4538509030517 644.3021581694126 1100.080575617189 969.5513676401788 1397.3630976769598 593.9031525598139 2012.209137780811 1267.876564335729 1415.5927271249825 886.8119288355341 940.1751853862346 295.7714044630602 672.3230304416159 1205.3192270835486 531.4884946979817 2041.12771295461
915.3892809739316 422.21618031386646 1245.7075010543551 757.9166140729053 772.8816331270276 952.6836653111852 1338.5914454944234 538.8144073689006 417.66656615055774 453.8326160060254 1603.1799890189848 1633.7251538208238 1718.0231518337516 446.2478612964802 1355.881111136036 887.9917707111472 468.50867396711203 93.44472827159213 537.5874621627593 569.3784309104257 734.4283838168442 1502.3033223694026 926.2076738864122 473.0391277119119 1016.2104582550402 722.1324225308919 326.91571895493524 191.46719586093624 90.34099673471543 0 1200.6380004095422 1162.505331819016 706.0133456021969 1171.0001481096072 985.0362303170791 1408.809040233698 645.1334168668325 1990.1608829008737 1313.7008232511337 1459.9471568076015 886.7800888191603 933.9402538136978 301.3319010738022 654.8968375351744 1265.2095958610353 618.1296774714878 2058.8953736790377
930.4061735839364 1375.556171412724 1036.9730486454882 912.7732940005274 960.6639353521537 962.6612561158028 311.04285358122144 934.5451747607 1166.5021877689219 771.422428549307 1008.6552168609122 1105.5714784113545 1304.2876252794401 922.2071106994875 1082.4446557377482 1154.612885133732 802.6877803507988 1155.7728898009057 1478.0804582351166 1491.6169718869658 1652.5100761825809 781.5183277865378 1030.332059918786 727.6016407917222 908.0172738603349 947.7418517561216 975.9833785120052 1018.8502849242956 1132.452290193069 1200.6380004095422 0 107.06236540655871 500.14767815188077 62.77082400799977 739.6967645124054 941.3424463249343 587.7171622477813 1804.320349271589 413.99750111956615 517.5796940302819 889.0409346497149 960.1326590214526 981.9416823112338 1015.0077755745974 170.97795240463955 686.4532324510668 1333.1652054842164
981.4405949114298 1308.6052960830243 1113.9157432800898 947.6394871278263 996.7707595119866 1016.604521932925 417.9626891913158 944.8824761867535 1095.5164436639393 720.3326984312048 1109.488118937021 1204.7422709533303 1400.7052550315295 920.5872020529545 1165.8007809649637 1197.1151113161764 793.3892015200121 1110.8196885847028 1406.9908654151693 1418.8506617782589 1575.9133751672218 884.4504508129328 929.3637209608115 692.1436838815455 969.4300164288999 978.6356283023316 961.9194389727068 987.0851940020323 1089.4538509030517 1162.505331819016 107.06236540655871 0 480.35625565288467 45.17898775161301 801.2144887823092 1033.6963938296094 579.7284068053996 1894.9518834409319 517.4371561637586 624.4838513572313 937.8771564251241 1012.3359034404615 964.790205157394 1038.567574598656 277.8079612691161 615.3414315309939 1439.895810209489
654.2970351218844 939.4424626555325 904.1393583921976 560.5222340545415 609.5397328772168 698.2777139234372 646.9928368172692 489.70392018035807 754.4342632715374 317.74577266282455 1095.0503603466768 1161.4756036368385 1313.14543094144 447.4344527487499 991.867325072633 818.3905145958453 315.0325392171468 670.248219908694 1053.9574450015716 1073.6441177351285 1246.1399013737832 925.9381114095427 847.4726095062609 237.88039211024258 692.2004671346303 575.4026400867785 481.5633316674049 520.435038220218 644.3021581694126 706.0133456021969 500.14767815188077 480.35625565288467 0 479.1359230198553 554.0548822935629 942.6894168170962 111.17734540254087 1731.7599453877867 649.2618291549846 798.3761577211695 606.5945991614717 686.7895244516618 484.83705617495036 609.927583796745 561.0338376268792 341.7573339198627 1518.608490842677
953.0742330520732 1330.569613815739 1076.5001860144303 925.3414160566324 974.0596073248328 987.2051203309873 373.07254055352234 932.327150382957 1119.3196379509839 734.1823498970755 1065.026812831698 1160.6724315257845 1357.361542019295 912.9367576321016 1126.3087513582448 1172.159147121412 788.7387142485317 1122.3571483242465 1430.9979542405472 1443.6793287235614 1602.673482337342 839.5598551599769 969.0642879394308 698.7289687911783 937.2808611417179 957.9217825631563 959.6091901454367 992.5449674962932 1100.080575617189 1171.0001481096072 62.77082400799977 45.17898775161301 479.1359230198553 0 768.8229735545023 991.412958429591 573.8789957653399 1853.329208834092 472.421778994797 579.5573478891876 910.2729019726588 983.571790242486 963.8136172266419 1020.8182164285648 232.8967494593884 638.6822364577753 1394.8500790209328
210.36679706940404 1348.2085302704181 350.5867904296916 285.54067040416544 311.99355557659396 231.39956420271267 615.4970135703758 465.5749381533281 1212.1190037245512 799.0144281256071 618.5090606476876 656.6915907452158 776.4359403584888 541.3165038436905 439.0700168601571 449.71929674299815 537.6937104851039 1001.2119296349841 1470.711333199496 1497.1742988818298 1673.4354771568214 537.1936359090645 1400.1037866985967 678.9170512225967 168.49531881087702 335.0574100530648 658.643492243785 809.444889119395 969.5513676401788 985.0362303170791 739.6967645124054 801.2144887823092 554.0548822935629 768.8229735545023 0 429.3786995589416 488.76079956710885 1177.8970178843515 509.7687221757981 611.5846707621578 184.29637124745858 233.87419115996912 683.7100811076776 429.85819701577503 652.4742918950085 886.8220921203482 1073.8625340089345
522.2069299548814 1777.5801214377786 260.33836548392236 667.1798355383751 670.5644959717847 500.6358105201918 684.5318434049799 876.6552753848965 1638.8834655979485 1217.6843829787524 204.2692461028444 227.35158282400823 376.7531186379969 962.6933992620552 207.15795310256857 695.6040701387886 967.071863394933 1429.0572831523305 1900.0893922839703 1926.5309379606317 2102.808203872682 274.9185402517559 1784.3749446641687 1100.029101792037 412.9192142106682 712.3549765339184 1081.9264010476982 1237.1810008277325 1397.3630976769598 1408.809040233698 941.3424463249343 1033.6963938296094 942.6894168170962 991.412958429591 429.3786995589416 0 899.0497120160657 863.3143885028803 552.7415676131727 546.1470940375691 535.868097974215 517.6089849187869 1108.0268243868147 801.998776907124 793.1057057641269 1284.259205456872 658.2281575220919
562.5816060263968 922.5321899567042 833.400213856768 457.26986038630446 505.4124050075647 607.4582194577841 693.4601975479362 378.7666935495742 754.7908191020011 321.0519452712793 1064.8553140222637 1122.9455486111722 1261.604111844775 341.37991886450203 927.2348274327684 713.4020394894337 215.13687820521477 622.3908386272922 1041.2360739516234 1063.6000431634718 1238.8817356753239 914.4444578605029 916.4950443385516 210.9027800873217 611.6447771290691 468.76435802916467 388.57306905452805 454.42670761258813 593.9031525598139 645.1334168668325 587.7171622477813 579.7284068053996 111.17734540254087 573.8789957653399 488.76079956710885 899.0497120160657 0 1659.4053452152916 674.867633187096 823.2892629383639 515.3299668634933 594.5717885386427 395.9787218607422 499.54980218011286 625.3740491095012 400.146899008224 1501.4637091599282
1119.5612843298147 2405.8410057200185 827.6423650277574 1267.2959933656568 1237.3680239552612 1075.1140002401753 1541.638467939223 1475.9012916324482 2319.8067026257036 1949.905532849678 847.4924262740817 740.0254466587465 527.5809149801609 1581.029937131798 745.0074843911148 1102.9755940923274 1646.201126827924 2042.0765726922743 2525.356593557127 2556.1730980386697 2724.39826345202 1075.1661648807544 2575.5423678055286 1828.445075646212 1049.880043206891 1289.397726418762 1693.2430672858172 1863.5576887210239 2012.209137780811 1990.1608829008737 1804.320349271589 1894.9518834409319 1731.7599453877867 1853.329208834092 1177.8970178843515 863.3143885028803 1659.4053452152916 0 1411.767133285457 1378.4138531236954 1162.0106259450797 1092.0022995597244 1721.8867912804028 1339.9173030479833 1655.676377195499 2059.543592966066 894.2733292491301
719.7064664876712 1587.9740546907294 705.7694803420283 772.8258762112066 809.5975411129398 735.868249530683 132.40988771704784 890.1768298965308 1402.6000184876225 967.0056933101018 596.2708643247394 695.695354630489 899.4902410586737 925.1244635220914 723.4896278199268 958.9380891953613 850.7573976740989 1296.814379656625 1703.1580548593374 1722.8941899565343 1895.0624134413015 367.52993375408215 1389.3970646661323 877.6352462491485 654.365181923814 819.7165649691175 1019.0216865665409 1122.3047106882068 1267.876564335729 1313.7008232511337 413.99750111956615 517.4371561637586 649.2618291549846 472.421778994797 509.7687221757981 552.7415676131727 674.867633187096 1411.767133285457 0 149.24947343738307 692.9659234396902 741.0988250125986 1035.725138164955 908.9627127281735 249.23966081179805 955.0392708590125 932.3326505446227
816.1903893447274 1737.215686182391 744.1280931992248 888.3008793182609 920.9572114088315 825.7963913622931 206.53684443685066 1022.3118858967953 1551.3058615378861 1116.1025775347343 536.6023889528205 642.6261127434142 854.0893832686136 1063.599370993359 739.5798441490526 1052.313819848126 995.0460613993807 1444.7244722964585 1852.3166576633912 1871.9583736427571 2043.939201525962 303.8358596668729 1523.0038729282485 1026.7773532595572 737.4668750811246 936.6567472283839 1161.0373547615695 1268.7201621423003 1415.5927271249825 1459.9471568076015 517.5796940302819 624.4838513572313 798.3761577211695 579.5573478891876 611.5846707621578 546.1470940375691 823.2892629383639 1378.4138531236954 149.24947343738307 0 795.5509638229604 833.6827533092971 1178.6700129855965 1028.6683392977764 346.677079564769 1100.5415216729425 815.7923630668137
47.72833660444355 1277.7247297291974 362.0316806334604 131.77561738558458 138.82708039694785 92.13063240481195 794.6422252989931 348.1321061347791 1167.0688545557227 788.5339185678415 738.377992914096 754.1502202606083 832.0760022134077 444.0089526700172 470.8268990191175 271.2957509773798 486.3262013118605 918.264328995057 1400.0945064430887 1428.7231835613147 1602.9385365255048 698.0588412637733 1426.152129496871 667.4041879210469 129.43651147839026 176.61671954402348 563.6235790535349 728.8085913298065 886.8119288355341 886.7800888191603 889.0409346497149 937.8771564251241 606.5945991614717 910.2729019726588 184.29637124745858 535.868097974215 515.3299668634933 1162.0106259450797 692.9659234396902 795.5509638229604 0 80.34242551802174 591.3849382279616 268.3381126194896 820.1212120872134 909.6445049789621 1194.0791238591044
32.66791951525051 1333.2806540659315 313.07214539680643 178.88540505877248 162.38979750373355 18.791942602964905 849.2625583873873 397.11142105687975 1230.8598991848357 861.796220757625 721.8759242862975 726.4094775359216 785.8286294366408 498.4445473680946 423.7494259680019 218.7906206390355 554.2058117104352 971.3053460828697 1455.1684824778386 1484.4486998041975 1657.4692532516065 707.5944107061903 1503.1621869360545 741.2520490953982 108.62083114596768 211.92008406214967 616.2224422625127 784.4400562114789 940.1751853862346 933.9402538136978 960.1326590214526 1012.3359034404615 686.7895244516618 983.571790242486 233.87419115996912 517.6089849187869 594.5717885386427 1092.0022995597244 741.0988250125986 833.6827533092971 80.34242551802174 0 644.5539300332943 291.07371317888953 883.6252657480283 987.1571923354401 1173.0821889519864
623.327463846662 688.8598507183216 952.8142402434963 466.0139437384873 487.5964331084141 663.0477662278455 1074.8698863448935 247.9854118732175 604.7317203739394 365.18843745546366 1301.8737735217828 1333.4438340452225 1423.3923835605485 147.41265809458977 1062.1379414593039 633.9615833614229 187.33762619121356 327.0743821419091 810.6269712950697 840.0266645668521 1012.9408658798577 1203.8796948234758 995.9657375182933 301.99871062623146 720.3659263991125 435.57963569709204 28.65160615123726 141.67326735818966 295.7714044630602 301.3319010738022 981.9416823112338 964.790205157394 484.83705617495036 963.8136172266419 683.7100811076776 1108.0268243868147 395.9787218607422 1721.8867912804028 1035.725138164955 1178.6700129855965 591.3849382279616 644.5539300332943 0 384.07121420989404 1018.4727823832302 549.0564243296535 1757.5722263067325
280.65947456759466 1066.2160419361612 602.7779164300605 144.44031658503505 131.46198533592886 309.61814538213 991.3194024223193 150.66464086219202 988.0078940253485 677.2210318329501 1005.4230320406257 1015.9554160654902 1074.5220939146225 253.04563956127618 713.3922240179735 253.12259682907535 360.60912576350916 702.3235947712427 1186.3403474322681 1216.8368203558218 1386.645058121313 962.2191490049041 1333.424186870914 568.3566205890326 389.5610560634625 94.9580959574632 355.62598864633003 525.3594898659397 672.3230304416159 654.8968375351744 1015.0077755745974 1038.567574598656 609.927583796745 1020.8182164285648 429.85819701577503 801.998776907124 499.54980218011286 1339.9173030479833 908.9627127281735 1028.6683392977764 268.3381126194896 291.07371317888953 384.07121420989404 0 985.9090102815322 836.0025365563346 1459.913667363976
856.6112042921122 1481.7476369514995 915.4183273759783 867.2985499880017 911.8524710176467 883.0561345122727 140.17597439665192 929.0495870673319 1280.41301665568 863.1843686752138 845.4442694200188 944.8167958788536 1147.4929195952427 936.1067771808433 949.0572989085681 1091.1474769603274 832.2471583358114 1231.2371987296244 1589.8579633912564 1605.8663914531185 1771.8458016550103 615.4622504703992 1189.368990539927 798.6374867166454 816.3675911082339 908.0512444610881 1007.9015310017465 1076.7922041280094 1205.3192270835486 1265.2095958610353 170.97795240463955 277.8079612691161 561.0338376268792 232.8967494593884 652.4742918950085 793.1057057641269 625.3740491095012 1655.676377195499 249.23966081179805 346.677079564769 820.1212120872134 883.6252657480283 1018.4727823832302 985.9090102815322 0 807.5225163721717 1162.187719073079
955.9921865134743 693.475596967462 1233.3628309886997 833.7576796105839 877.8090462062613 1001.2941998514351 922.8411840044697 689.2657244448582 480.63871007101864 185.33720443277656 1435.6242535489148 1503.17791818999 1653.5383713149427 603.4140294874836 1325.8779825193465 1077.1792368482259 476.27264601374156 544.2238528219435 792.3157355526778 805.261525278172 966.7271098640173 1259.5273591138937 516.9786288216065 269.03422782795514 1011.1379781489429 833.3416420998154 563.8104904090925 490.3905889111013 531.4884946979817 618.1296774714878 686.4532324510668 615.3414315309939 341.7573339198627 638.6822364577753 886.8220921203482 1284.259205456872 400.146899008224 2059.543592966066 955.0392708590125 1100.5415216729425 909.6445049789621 987.1571923354401 549.0564243296535 836.0025365563346 807.5225163721717 0 1853.1002345704192
