74
2
360
360
5
0 0
1 21
2 129
3 34
4 46
5 47
6 116
7 66
8 34
9 47
10 26
11 26
12 32
13 30
14 100
15 28
16 41
17 27
18 29
19 38
20 25
21 20
22 28
23 32
24 27
25 33
26 41
27 65
28 22
29 52
30 21
31 40
32 22
33 59
34 48
35 33
36 31
37 42
38 33
39 20
40 33
41 21
42 107
43 24
44 35
45 64
46 20
47 40
48 61
49 203
50 20
51 34
52 20
53 32
54 39
55 143
56 74
57 36
58 26
59 38
60 24
61 32
62 41
63 35
64 21
65 30
66 22
67 49
68 26
69 20
70 54
71 24
72 77
73 40

0 1737.7332317867094 652.715355584161 1588.8428577685977 2704.470579290575 2134.249365645449 2170.3430098660197 1192.1158474825331 2696.20208686491 3589.0088005836233 2247.628370071169 1941.7161556956248 1487.574806043313 473.622933450823 501.74341754565523 839.6137067028957 1039.451920086449 328.5795225532594 1288.1743389073142 2916.3095475912405 3366.875459809696 3703.578470241538 3949.103078380372 932.0587729097695 1417.902749473969 2047.5335573881575 2006.2714501247626 2148.9535732897707 2168.2685641329 4029.198300520641 1134.3174476069375 3265.192147484226 3430.151875468728 2295.888770500729 1354.017082297015 393.25994132088 1396.0756623511047 1201.7968410743679 1976.231175472371 1869.077083817556 4299.754760858655 4140.373766203996 1045.66122108667 3551.7308123497787 2302.062502144461 2209.692593393822 3953.1562026707693 2297.4833225048656 3719.1853307580745 3600.9874187873165 3869.048799851536 2942.718015499609 1105.156443699418 2163.988962929051 2049.257941188736 1026.664832323548 2147.3127877730535 2173.4660690373394 1715.1845093675593 1975.4281860737938 1883.957132078882 2031.7672664752151 3133.736675212788 3592.871494901368 4294.277785325657 4203.325388812701 2176.027495621965 4335.696245956693 1464.1446717797162 3647.0517326549043 1656.0200385636695 1636.789082405476 2306.4803046493803 3771.757267143231
1737.7332317867094 0 1187.3598627265535 711.8630757903896 1514.1756724409495 1356.9152942995263 1165.3888143159531 1519.560659632435 1503.4868409676076 2513.7164776904106 1872.850606041723 1690.602059630872 747.3181391704235 1288.7727950802976 1310.3403630651087 2385.237248988521 2425.0824889075193 1438.7148706536243 2504.3049357388013 1780.7690789740484 2408.645106540186 2630.0539385101133 2858.5161733849486 987.5875841189238 703.0143596445156 2711.67111283507 1435.9781434259323 1797.6195630124312 1884.5130358523734 3516.8991356824317 669.4995775196359 2191.251625779144 2570.6661343296737 2045.435997475976 742.6004227513715 2103.6971491424047 754.1361930382559 838.5060107352102 2366.3219742332385 2266.647182624336 3629.5996525861397 3545.2602042109384 889.952570810455 2729.9164463705474 2040.750322990546 891.6173270073837 3214.843141416925 2587.206296510767 2862.773736471396 3167.6191075641964 3062.241203375829 2359.976711330312 1150.0341937027056 1074.1538444258465 1436.6820882979714 1135.8316578571141 1309.031317962825 1152.0783679835176 639.5015343434691 772.785665816943 479.93151752711 841.5653157787738 2558.3228272667343 2935.9618113496804 3910.4675081953555 3759.6138838425577 953.0160915368111 3412.0255321576496 278.4220299311311 3564.8734801458713 195.6646596375343 177.8980559569252 2563.8878542169805 3111.171535488093
652.715355584161 1187.3598627265535 0 936.7942725094931 2415.7290343120358 1956.4930514670202 1912.3578839108566 1310.3744760707252 2406.1300772803866 3376.3688826652083 2233.7340929156953 1944.0821344281521 834.9937022585299 437.4708974862198 151.17047561523728 1466.5351660423723 1620.9681221075648 325.7701712721436 1820.8310080302215 2658.1640610878603 3193.9065636069286 3494.4583501085776 3738.4399468568736 279.36195763104496 1107.452695789346 2417.5681990520243 1891.9468113351172 2134.8683900859996 2182.1238717093065 4044.667805941172 739.1192387611381 3043.8065880020504 3297.337626970265 2333.6616258309946 702.2722443393379 1045.753248550803 743.6490587807816 549.1139309347801 2236.3035923942984 2123.0975126237295 4261.401417879404 4127.204751824381 394.2415322600977 3437.1173883625056 2336.179794598036 1842.4727904994772 3881.206120180276 2541.533754775885 3595.88843249351 3634.5675002501457 3768.7231471499704 2895.6345920950375 1037.8950645274788 1874.5479899373063 1924.0011186077331 954.7240947976156 1948.2585997488393 1909.806950126974 1066.2160419361612 1624.3867018112999 1452.7100230038639 1692.123765702578 3097.8425022225456 3542.3553241237 4363.337342797654 4248.281918765274 1839.912376127286 4199.403630916882 939.4454631532346 3810.7757509489234 1157.0169244766016 1129.8061959561678 2538.8762959925784 3724.8915121714144
1588.8428577685977 711.8630757903896 936.7942725094931 0 2225.864877218549 2014.899463609334 1852.551361658452 1870.3200357059566 2215.181045062393 3225.579480425122 2478.707226943175 2251.542943871516 105.61559981881318 1263.7981172850268 1087.952090274851 2382.475183627034 2503.4991865287225 1260.5270470110534 2660.6809597596452 2492.34163043353 3117.0693498869464 3341.8928674938747 3569.868532173344 657.8371862080936 1213.6203330852927 3082.0871865245394 2054.347109041528 2392.876274388796 2469.6060504211937 4193.180819135725 946.8193991763343 2902.788904326202 3273.967886425412 2632.9198259218997 234.92096504395013 1982.0931161354995 193.73639317079014 388.9699542148298 2801.477275305624 2692.29675889947 4325.196722567475 4232.205536282008 543.2055745790484 3431.6884285860347 2630.521363080223 1602.641202365199 3913.614254959337 3065.002806153472 3568.1587977698446 3827.4611569731874 3765.485601248315 3026.5228800746822 1498.920033989755 1769.247873614128 2065.1103425411543 1446.635252790798 1975.7015287075653 1841.0875272522044 150.66464086219202 1466.8187579762323 1183.779915772609 1538.3611814482983 3228.4704563398072 3623.4411286573354 4572.7544389573 4429.0908356156515 1658.9368827060703 4122.8047141261095 698.4087926484907 4166.887682033017 847.5144127248627 813.3363305179286 3049.5690558428655 3801.1570383231806
2704.470579290575 1514.1756724409495 2415.7290343120358 2225.864877218549 0 665.5899669069303 536.4120656939493 1741.8501117293376 10.702477617907281 1000.959959240369 1086.5253438869102 1195.6602057545933 2254.8268545249734 2251.070231952146 2476.492133515734 2982.6688031493386 2869.286930962719 2522.011116839179 2778.833082704022 266.8413203825302 909.1077706478333 1118.198902036112 1352.009881773829 2333.6449931888937 1316.5324187891827 2441.4997049072845 879.9854152259182 1098.1324472846445 1185.5233569106429 2134.1638590347925 1676.6473021524644 677.2337654727992 1096.3245446282885 1266.5116152352998 2226.6208600878695 2948.114251779719 2247.8325868073 2283.6679702865526 2005.9276976916035 1964.7362256021454 2170.342826894012 2120.5032956255714 2274.8221015996505 1259.6873831703351 1253.8284540189886 624.1483957176367 1749.0231662133322 2037.8742213443081 1373.0663704809542 1866.5082090394067 1579.6403988880024 1108.832413312145 1624.0326522074502 545.393021193748 830.5124575868603 1692.0630409763735 618.0096914080278 531.7530207066624 2147.2336228342774 802.0181770747009 1049.5413456933225 730.4215182695839 1261.2934813277348 1527.4199364633882 2567.099494223722 2394.9413041200587 587.1847402458226 1899.4109156168201 1597.9694387894517 2452.492987656475 1396.4973081727023 1431.7724302188744 1995.3821828289313 1685.1749717694154
2134.249365645449 1356.9152942995263 1956.4930514670202 2014.899463609334 665.5899669069303 0 266.1635794424745 1088.165293075932 661.40166275499 1454.9079015912632 578.0835071237627 564.739186776912 2013.003730425214 1710.2875509195653 1986.648514655591 2333.230102272169 2208.384440131417 1998.5257427334075 2113.243670568306 810.4351271887062 1244.39161556816 1569.9588485282534 1815.6684769407582 1939.6127489702728 870.9685574231872 1826.8696462770365 221.57225236648867 539.4833136938972 637.8049474594148 2179.757002104435 1244.093936035519 1131.6474267633275 1341.0551464718642 772.3044256836491 1947.1733116860746 2338.552666945746 1979.986602313018 1960.7708759552243 1396.6809328853162 1340.0609789497846 2337.9418702775492 2228.119066814657 1909.2760076266368 1483.3250512103143 763.2517952154071 650.884847404148 1940.9693255573538 1488.3798766340228 1639.987922271117 1814.56357831201 1817.0996228859092 1011.6431705794926 1029.571471778366 372.95125122706895 176.87940741691756 1107.7125742734554 69.71773002762995 285.4717660988742 1978.7145614214674 609.8610137328864 898.9374387497619 558.6511017716299 1214.006314276237 1623.6363933731632 2559.299154702402 2414.193058863912 535.9759354650012 2243.4224331425767 1319.8691729886182 2227.00832939993 1180.74411218037 1212.1747361103726 1451.0481075558002 1804.713993372767
2170.3430098660197 1165.3888143159531 1912.3578839108566 1852.551361658452 536.4120656939493 266.1635794424745 0 1227.9535463458253 528.7760483998519 1464.3418739068848 842.451247703243 816.4179847983008 1862.4022594552525 1721.3572573553124 1962.1994996530393 2458.8942670241927 2359.8653084486523 1997.4869391013756 2292.0019387608722 751.8678889537671 1297.911063470531 1582.5839089666586 1826.1759018661699 1858.0864506469773 804.9238762254835 2072.751764716052 467.2420374404638 805.5923821590592 903.9257764179881 2351.655657954183 1176.8837807853113 1131.5815102063534 1432.061917892264 1037.254267181436 1811.2477015430509 2411.9358758237904 1839.5418719474985 1844.188134323432 1647.081745978741 1584.101777068463 2472.8896549105953 2381.5718105435826 1812.7508113466813 1585.8979644284307 1027.8944343072187 387.3845525856009 2063.1356339546983 1751.563857446044 1730.2383575340946 2009.6859257735775 1921.3090288906335 1200.8070940353562 1087.9409196628546 109.83302001489099 431.68689281105446 1155.654398655946 196.89858946967567 19.321967640529937 1800.924574900837 393.2780614178991 689.375969000445 328.377598511442 1395.9871709345246 1772.3175625509996 2749.45781443722 2595.77736360665 273.67224743054373 2311.7799173918047 1173.894731450405 2465.6963660268784 1005.5817617115805 1039.3977390062973 1714.8913219086264 1949.0778213964325
1192.1158474825331 1519.560659632435 1310.3744760707252 1870.3200357059566 1741.8501117293376 1088.165293075932 1227.9535463458253 0 1736.2004380338292 2494.451948472617 1064.3212424957355 759.7823661171765 1812.1409000587055 906.3230377547163 1260.5648881397028 1245.16242546834 1131.937584465168 1186.9587132627694 1086.8761164029265 1897.5873290551883 2245.165132656565 2603.0774555098724 2844.611194362447 1447.399032816609 835.2169432494297 1215.7915664904858 904.5798477933794 967.7472809835931 978.9361474617672 2837.6728491732124 932.4525619209797 2188.992336776563 2279.879251259676 1103.772975483819 1690.7278360486157 1301.4765535833296 1737.8080847710075 1614.5218079272397 945.743228464488 833.4046046727606 3109.7922000012836 2948.4573086497544 1486.6964718883762 2389.7597091327216 1109.9845102075465 1443.5910566847624 2771.2041165175847 1237.7497096596505 2559.5545055491893 2410.654316960664 2697.40913061897 1760.5439957391436 378.8077175418236 1271.5894922874202 954.0526605519332 423.6911629983658 1126.1669898201285 1239.1078522474243 1917.9931536533302 1232.874416104551 1329.5709047130276 1253.739080927365 1947.1379071734166 2407.155741849339 3112.921751079216 3015.920915209905 1360.1184885430418 3176.4875010388623 1293.3360777647754 2510.0162963409794 1337.4678326130645 1345.162376240386 1232.1067396350363 2584.5172139172914
2696.20208686491 1503.4868409676076 2406.1300772803866 2215.181045062393 10.702477617907281 661.40166275499 528.7760483998519 1736.2004380338292 0 1011.5875970298391 1087.2276122146106 1193.6781507859323 2244.182741401136 2242.438482842873 2467.1767475776032 2976.6007121785083 2864.0437240706774 2513.0773396457644 2774.578211202896 277.5437323523826 919.6452623172777 1128.8045230080086 1362.5071666819445 2323.5745268951073 1307.3249009912306 2440.7556015588666 876.5109263550345 1097.8624106505054 1185.672506619448 2143.581088510741 1667.0680443806343 687.9331187670156 1106.5405087884037 1267.892863485045 2216.0634965466584 2940.637260019765 2237.2429177174163 2273.2479289196713 2005.2291205120753 1963.47160879151 2180.5661352393954 2130.3623037590687 2264.5995164995156 1269.8913786280364 1255.2541097067078 613.5059802170659 1759.2650973254442 2038.8695217030809 1383.5343009763078 1874.9246184096892 1590.0488761609452 1115.805666311096 1616.5759983430912 536.3937627746408 827.1726630748575 1684.3690120803526 613.0553622146923 523.8570389464697 2136.531145270131 791.8779907171901 1038.9534501493551 720.3508734182903 1269.1483704707134 1536.9291598050813 2576.2223692953607 2404.2369245004847 576.9232146373025 1910.1128008128746 1587.529525041507 2459.2743657273422 1385.9289565019023 1421.2033378120602 1996.4776282771709 1694.9485039167457
3589.0088005836233 2513.7164776904106 3376.3688826652083 3225.579480425122 1000.959959240369 1454.9079015912632 1464.3418739068848 2494.451948472617 1011.5875970298391 0 1519.5384374937125 1777.8846905104158 3255.7116714113613 3161.8664102552457 3422.1853510681794 3721.576459864355 3553.973685769359 3446.700316213021 3396.1905992874504 736.5340422329873 295.7690287330922 118.50337563812776 362.565217045932 3316.800096500634 2268.9754542278833 2808.810824016846 1597.195604473011 1591.9494298521856 1633.0432935877166 1437.9285788423394 2641.086854587758 332.958360660711 450.12810403859726 1609.3693906717374 3226.865825795401 3780.649285855453 3248.5581727820468 3280.361389065293 2402.498338458739 2407.787424692078 1321.0477813782752 1346.7266920338143 3264.414959736717 541.2895547978143 1596.2012026715236 1625.0713397978534 925.0870271217879 2295.8369501799684 535.1115157706281 1358.9299760251865 729.1783160354929 1000.963863801104 2483.9857931519064 1511.1686938291084 1550.3299502469415 2562.6004467271287 1445.859897136594 1467.6519918357985 3143.373115913043 1793.6768999665796 2050.3179301375258 1720.8103784801845 980.7002456695685 898.0850218339361 1888.0218821635776 1699.4159546567066 1583.0189138259088 916.0015276454745 2595.711899605963 2094.154300292012 2397.0157202852283 2432.2958885626936 2249.384831364324 973.7212774609816
2247.628370071169 1872.850606041723 2233.7340929156953 2478.707226943175 1086.5253438869102 578.0835071237627 842.451247703243 1064.3212424957355 1087.2276122146106 1519.5384374937125 0 305.9407360977868 2460.037115304863 1899.078650420775 2226.7361829536717 2230.855119661266 2044.1918348615632 2193.6635413290296 1876.8159498757739 1103.903994795301 1241.791131329671 1616.116589035785 1845.8724907120418 2281.7193111621577 1269.974215177563 1372.0326991898005 437.5953795361375 99.88637498529842 114.8625193381659 1811.9861135625688 1603.9349180969348 1259.218196902321 1237.880650624583 195.22925980069002 2374.329672840974 2361.049560309153 2412.9584752471596 2358.2177981808477 938.8126596530683 917.4356753474359 2054.5954734187 1904.0979915517664 2276.931161126391 1334.716808880425 185.48209073134265 1228.8172218980746 1707.2581412756422 952.3793644993943 1505.4058094051954 1401.612220820006 1634.9196322618216 696.3508637874207 1202.7378135923032 950.6418257521059 444.0002274044109 1288.0557882758985 646.0388417696422 861.7424607875088 2464.5437293224245 1170.973085428353 1445.1750732066669 1127.9280375735907 886.3441674260843 1345.2480467621467 2136.680879755094 2015.5638158274908 1114.008795939217 2119.963976055907 1783.0281351896942 1693.978713091928 1684.1789770829046 1711.753911668964 910.6796977997366 1524.3371986689956
1941.7161556956248 1690.602059630872 1944.0821344281521 2251.542943871516 1195.6602057545933 564.739186776912 816.4179847983008 759.7823661171765 1193.6781507859323 1777.8846905104158 305.9407360977868 0 2224.1084402790843 1598.267852969177 1930.7045653479656 1948.0595367189633 1776.4316559250628 1892.1901801921238 1632.9513850735843 1274.3535181881407 1512.0001498675585 1880.4787167921986 2116.473038355489 2007.2436864237586 1038.593880835555 1262.275061373552 349.21816179946677 208.06160997391908 238.04725846599626 2109.171946360402 1345.190259092149 1494.5905307929806 1527.9796058781203 393.5574183032605 2129.785941433088 2059.101755669469 2170.678557162049 2101.4435117517323 832.2205167744014 776.4210345507241 2359.6732359513867 2206.6213538477473 2010.3648349196744 1632.4019648614594 394.50752024268627 1176.498512089328 2012.9119543657494 949.0593847302902 1802.6767646806018 1692.4760986343817 1937.7179865486496 1001.9560095566693 907.7294127164431 911.670924252468 388.3602687893559 992.4135858658842 631.6216662341498 834.8247549860753 2250.908515122669 1062.8633082611773 1304.8816299990553 1036.7402073615326 1192.103571515151 1651.1780699028586 2419.378824204751 2305.4576851112083 1063.3988894599418 2418.898624563428 1566.2940450977494 1919.9084992769983 1496.4171196565362 1520.3887190313842 916.2603814003824 1830.129731801169
1487.574806043313 747.3181391704235 834.9937022585299 105.61559981881318 2254.8268545249734 2013.003730425214 1862.4022594552525 1812.1409000587055 2244.182741401136 3255.7116714113613 2460.037115304863 2224.1084402790843 0 1173.431919519177 986.1437612429328 2286.4128244707344 2412.7746440791548 1159.637316604955 2575.939858077182 2520.4600150090546 3138.4067473526425 3372.6655885814953 3603.2084620167448 555.66890372249 1190.5484575528637 3019.48567494647 2041.0919946640465 2372.099635860583 2446.1350229478176 4192.76050915939 899.9691569965261 2930.3993872480355 3289.9356337461863 2609.253976866792 137.85600845500312 1880.7184554512744 91.9792106516527 286.0014983749233 2749.1462452445085 2639.0120413740606 4334.635992303979 4236.787362351516 442.88147308337204 3446.249614994384 2607.3881603975 1630.6787683071166 3925.5020954534907 3018.4623108194687 3585.7143723269464 3821.01500836909 3780.9321895274975 3023.9718756317407 1445.348014976717 1783.371184623504 2054.37114710768 1388.962174063029 1976.9118322685406 1851.8393232737808 253.04563956127618 1482.2988498869602 1206.9731759332365 1554.713680044811 3226.8799177845676 3628.947032042109 4566.320657971953 4425.585015031467 1680.5924095606597 4147.447769974197 693.3403274915959 4142.816086017864 863.5903823228743 828.5894217298794 3004.4109490496753 3807.780415302421
473.622933450823 1288.7727950802976 437.4708974862198 1263.7981172850268 2251.070231952146 1710.2875509195653 1721.3572573553124 906.3230377547163 2242.438482842873 3161.8664102552457 1899.078650420775 1598.267852969177 1173.431919519177 0 357.200393526336 1132.77882370055 1239.7273890267654 295.1922354955946 1410.2274848840166 2472.036157707341 2953.271550023991 3278.0507492050633 3523.8104065796215 659.7070637513392 949.7294375988653 1980.5316788612813 1605.976307603942 1799.192733487926 1834.1414670631082 3707.222935011941 662.7127007213015 2833.84094800528 3033.0039839624055 1976.8938592597503 1035.6484030301306 816.0076227478296 1082.8917527958884 904.6742278799749 1810.8449522191727 1698.0093888877532 3949.893390024531 3803.1538587541527 746.5514282709393 3162.9609662071884 1980.9866381443217 1739.7758829404536 3585.559933625645 2120.8919130970976 3327.292082018935 3287.717789267483 3487.8962869833786 2582.6393537925546 703.0248432769151 1707.1756682753924 1644.867548724334 618.0878871023059 1716.0122057973053 1723.0077066468195 1368.4264078972406 1506.432901567389 1410.5188081988417 1564.6404582953362 2780.4648202638277 3234.404932216015 4004.186734731102 3898.68951107221 1710.2373479993125 3940.2329225098956 1011.22679253829 3416.3324810041518 1192.215035714196 1175.1720279322067 2120.724326195593 3415.8322599355492
501.74341754565523 1310.3403630651087 151.17047561523728 1087.952090274851 2476.492133515734 1986.648514655591 1962.1994996530393 1260.5648881397028 2467.1767475776032 3422.1853510681794 2226.7361829536717 1930.7045653479656 986.1437612429328 357.200393526336 0 1320.8633001051317 1483.8554778724877 176.4828285149029 1693.659364433893 2712.487781558539 3229.6477048492106 3539.759753482859 3784.7246979825527 430.4847940865858 1160.4724809657368 2326.230463920636 1905.9247795038013 2127.1217321716126 2168.2249467816114 4038.4837405545636 807.0741939483727 3090.676605343592 3323.847374358902 2315.3548412165037 853.3836502187745 894.6567689335109 894.8184402022036 700.2304138863691 2167.435033966375 2054.7091421150594 4268.21472807075 4127.861916766525 545.2297609398034 3459.754664533737 2318.7375057182853 1919.8235978162763 3895.0161615367697 2478.030192776984 3621.0434108247314 3623.122031547966 3788.918634808241 2900.3232617806584 1024.0334728746616 1932.0762117103648 1940.960348197076 938.820995417898 1983.6231638775637 1961.0638161879076 1216.8368203558218 1695.7465480647768 1544.101461058987 1761.0954083158629 3100.754664108556 3550.219833855306 4345.451962395623 4235.723437044568 1909.169844766078 4229.05775284244 1052.603980122392 3769.962888778391 1264.801070970518 1239.6623106058528 2477.924245686838 3732.4210517306865
839.6137067028957 2385.237248988521 1466.5351660423723 2382.475183627034 2982.6688031493386 2333.230102272169 2458.8942670241927 1245.16242546834 2976.6007121785083 3721.576459864355 2230.855119661266 1948.0595367189633 2286.4128244707344 1132.77882370055 1320.8633001051317 0 288.4764059609406 1144.882936557496 592.8938052142753 3142.713236883842 3459.923127207058 3826.5472639036216 4064.0731400554914 1739.95963021334 1871.619083930624 1519.7921287545819 2146.7555776672953 2145.242421719143 2126.1159293999126 3850.100812037931 1719.6932979045198 3425.012237957747 3468.7293564651104 2206.388950620161 2149.265675795228 506.0307402354144 2194.5151668783496 2005.4436493811409 1623.0193358883037 1542.0294645492893 4180.016880439996 3993.9086552413337 1845.506086077477 3560.840285585201 2216.597132497475 2619.2819227699333 3889.5088803399203 1926.3962954777087 3731.5081698235476 3416.9992661370497 3845.353060523095 2902.0883115049132 1408.4391086716278 2489.375733663528 2196.78261880249 1366.4123445198459 2369.833109665886 2468.2319195599357 2495.5652967528204 2389.718081680892 2393.7569567848655 2427.5154850454683 3065.6186591041737 3517.7097823784625 4037.0253684356526 3979.994882659224 2553.375123287282 4340.89518179819 2108.1533831759652 3292.527300938544 2257.030608852783 2247.501641657408 1950.8927153402985 3683.542013378469
1039.451920086449 2425.0824889075193 1620.9681221075648 2503.4991865287225 2869.286930962719 2208.384440131417 2359.8653084486523 1131.937584465168 2864.0437240706774 3553.973685769359 2044.1918348615632 1776.4316559250628 2412.7746440791548 1239.7273890267654 1483.8554778724877 288.4764059609406 0 1313.1240267283845 304.419533681149 3010.170908405641 3283.773720094353 3655.254718783041 3888.581644133749 1882.9466831902919 1850.9712757691623 1236.324576359445 2009.0819354353728 1964.5205607099808 1935.094102393921 3605.4530926812563 1755.9096557492994 3268.4509411845374 3277.655656842332 2000.5542760110325 2274.929364228362 761.5051539148706 2321.893737712966 2139.936977723574 1367.3199465741723 1294.3904308556173 3945.8971250516906 3755.1244190506764 1980.1798233470436 3361.205307663492 2011.5952688117695 2558.3358181450903 3669.539645309325 1661.6813781977796 3531.2397964030497 3173.9026940646145 3635.2152294167386 2696.8838906955157 1364.8721323072398 2402.0042243314347 2059.727745793937 1339.2425711857954 2251.5162747530526 2371.0419638769117 2605.423590150815 2336.217814508972 2375.8882789830063 2366.325519685263 2851.5786696622094 3297.73521197403 3777.234924016964 3726.3522779707882 2482.457607290529 4134.668284626195 2153.6285689208767 3020.52435297109 2279.7285701477713 2274.5785168511607 1688.700109557941 3459.304520602887
328.5795225532594 1438.7148706536243 325.7701712721436 1260.5270470110534 2522.011116839179 1998.5257427334075 1997.4869391013756 1186.9587132627694 2513.0773396457644 3446.700316213021 2193.6635413290296 1892.1901801921238 1159.637316604955 295.1922354955946 176.4828285149029 1144.882936557496 1313.1240267283845 0 1531.1464592279597 2749.321005648895 3242.6153377173778 3563.3862899908927 3809.024555568546 604.5919236346369 1208.7986349259886 2198.1851301030774 1899.4522923483655 2093.779259651004 2127.512505811421 4000.6582640006113 881.2597663726481 3117.3249344713427 3325.6264297629955 2268.745397474567 1025.6477020388686 721.770053249911 1068.005103964993 874.132548216981 2064.3287459907397 1952.6574748013516 4245.009983057574 4097.758718415362 717.3228263678412 3456.628389888683 2273.1052470785053 1988.2490327509665 3880.605088042452 2379.646819858413 3620.5133914053467 3580.061545881722 3782.1967573927936 2877.8209423252792 998.0450693850212 1976.7002881894575 1937.700694876179 912.9728143783879 2001.6530204909925 1998.0371318991356 1386.645058121313 1758.6369147049381 1632.173338326749 1820.6120931618573 3075.5508146079655 3529.5958273657834 4293.798107615571 4190.286841325526 1967.9441864071352 4232.707940704339 1171.6004485537658 3693.5031442280538 1375.0572041422465 1352.6417930148382 2382.3616672008898 3711.012675482208
1288.1743389073142 2504.3049357388013 1820.8310080302215 2660.6809597596452 2778.833082704022 2113.243670568306 2292.0019387608722 1086.8761164029265 2774.578211202896 3396.1905992874504 1876.8159498757739 1632.9513850735843 2575.939858077182 1410.2274848840166 1693.659364433893 592.8938052142753 304.419533681149 1531.1464592279597 0 2896.5431228545167 3117.5064069248015 3492.6809276492527 3720.0981167476275 2068.272846991069 1879.234479009883 940.9471185277997 1902.3907853338148 1805.9043385670377 1763.9147539398957 3355.8112747796736 1844.4919714057382 3125.1562022235903 3093.7821542743545 1809.3457392998992 2439.049850595353 1050.2521030137175 2487.0397825397217 2313.8986759300215 1115.9878538752205 1056.9211686119484 3708.206637882094 3512.2595132993883 2156.5712001376596 3166.7198391316583 1821.311356103553 2529.9875962059277 3449.5459964541847 1393.4487110779646 3335.2386252435517 2927.317691003315 3427.075148637233 2499.535784627095 1385.7558575805422 2346.6438445302024 1952.8096125031327 1378.7174656581292 2163.260038930177 2305.09126606042 2750.9569039549447 2319.303405297763 2396.489608856318 2340.5308022670797 2642.3418791796207 3079.072231180691 3508.7469304913743 3465.4766916444514 2444.2150533923154 3929.5275737877714 2242.7615226299363 2737.7807546974977 2343.862463971578 2343.2342931216012 1423.9625416354056 3234.876118564957
2916.3095475912405 1780.7690789740484 2658.1640610878603 2492.34163043353 266.8413203825302 810.4351271887062 751.8678889537671 1897.5873290551883 277.5437323523826 736.5340422329873 1103.903994795301 1274.3535181881407 2520.4600150090546 2472.036157707341 2712.487781558539 3142.713236883842 3010.170908405641 2749.321005648895 2896.5431228545167 0 648.3677975590105 854.3875779620604 1091.3447306296744 2586.6592213026424 1552.7209799074105 2475.9242143626916 1001.0890533858739 1138.7855153091687 1213.658926653834 1904.2738951155484 1919.6936436276355 410.4875179754858 845.8856903624713 1262.2311777648802 2490.3826759832887 3141.2156669528804 2512.292112131432 2544.4188753644985 2042.421283866411 2015.3965576662633 1917.4618916215702 1878.1018432557971 2531.2330117886395 1008.9829188251151 1248.7315271391005 890.0269610875723 1496.0770303727725 2032.1650361789373 1113.7631584990766 1665.8347670659298 1321.9163690830153 958.3323650247024 1821.0517635706237 784.08972157182 950.4455556306098 1893.9589241109625 780.4499391030463 751.8743267712894 2414.073512546992 1058.6541147119144 1314.2352869237297 986.0593788579578 1082.124116080487 1296.876724709075 2344.5134035202013 2167.901868170703 846.754472197473 1632.600558302287 1859.4081725581198 2293.891507917186 1660.674648804289 1695.9538470016396 1987.5534380282133 1446.210125586082
3366.875459809696 2408.645106540186 3193.9065636069286 3117.0693498869464 909.1077706478333 1244.39161556816 1297.911063470531 2245.165132656565 919.6452623172777 295.7690287330922 1241.791131329671 1512.0001498675585 3138.4067473526425 2953.271550023991 3229.6477048492106 3459.923127207058 3283.773720094353 3242.6153377173778 3117.5064069248015 648.3677975590105 0 376.76262455481253 604.8658018462548 3154.607115935247 2091.7856123710135 2514.3230729494303 1362.0025441159173 1319.2585668656304 1353.7945284663315 1302.7282598317029 2467.195916479812 280.36402323578665 226.22214370306142 1321.154515392611 3098.2685566937457 3540.5282642960065 3123.5321989684626 3139.326238894596 2110.4430799876723 2118.4416172257975 1273.2387028896455 1250.4558869159314 3110.661738791007 377.4703451285236 1308.177057456309 1518.5761513797354 853.0823922388914 2000.1309625582558 465.4846007637457 1147.6805967865591 674.2337521102389 706.0366581850329 2263.2575045727795 1361.5883224718098 1317.9059088612726 2344.367334099884 1246.3857360157272 1304.5407712572267 3046.3529166260896 1658.0812149774827 1933.3630349133045 1585.1564726902438 700.0007294606519 712.4363041776598 1752.8236821942755 1568.774139280839 1458.3636470612814 1014.0708665959784 2461.3542369822862 1859.5226965593577 2274.8405602464077 2309.893198328417 1953.6842960438912 832.5653483682327
3703.578470241538 2630.0539385101133 3494.4583501085776 3341.8928674938747 1118.198902036112 1569.9588485282534 1582.5839089666586 2603.0774555098724 1128.8045230080086 118.50337563812776 1616.116589035785 1880.4787167921986 3372.6655885814953 3278.0507492050633 3539.759753482859 3826.5472639036216 3655.254718783041 3563.3862899908927 3492.6809276492527 854.3875779620604 376.76262455481253 0 245.77829718958358 3435.3027815984055 2387.110298877001 2886.8220977247875 1708.4939816147787 1691.3233260535715 1728.7665812443538 1397.4665686178178 2759.3870339953 451.3961466208651 483.1054435884332 1697.9039879590393 3344.5026770341046 3891.9484802825964 3365.9963818315273 3398.520756959253 2485.8964753279975 2494.984429532044 1249.7396176720588 1292.094976822297 3382.8706960514764 540.2926342688389 1684.9342521654517 1742.1646809027961 868.9006312099452 2367.958735484806 496.75030781256373 1354.4917044435242 673.2564855987656 1067.8224579031523 2598.4388561984683 1629.6717890097104 1662.1169087266048 2677.4387134992458 1562.093100136654 1585.983020531274 3258.7178251839737 1911.9550047724929 2167.7107666934307 1839.1127747229086 1026.9218604767132 889.1516407155443 1843.9545973673846 1654.7620694408968 1701.044893235332 809.5554872607388 2713.738985674229 2098.0249385339025 2514.537637490901 2549.816942749128 2321.617782663066 943.2455027637611
3949.103078380372 2858.5161733849486 3738.4399468568736 3569.868532173344 1352.009881773829 1815.6684769407582 1826.1759018661699 2844.611194362447 1362.5071666819445 362.565217045932 1845.8724907120418 2116.473038355489 3603.2084620167448 3523.8104065796215 3784.7246979825527 4064.0731400554914 3888.581644133749 3809.024555568546 3720.0981167476275 1091.3447306296744 604.8658018462548 245.77829718958358 0 3676.3226046038985 2630.995081856932 3088.9031185877957 1952.4287949420502 1924.090184509013 1957.2635172914124 1394.1633562769987 3002.6288184725663 694.6339202516402 655.5503297270802 1917.6089181540206 3578.1882361437774 4135.532214738672 3598.7043262320685 3635.2208103734797 2696.60560404676 2710.987311062855 1175.7848216674174 1258.642666717195 3622.3353771196776 658.0482880282154 1904.9361232825793 1974.3586197867742 847.973623212665 2562.41807267676 551.7245872869757 1426.9450497251867 667.3402138462702 1263.3914695084961 2843.9488610402123 1870.9622241516645 1906.3824580362395 2923.067099615023 1807.8338041901059 1829.193490740117 3483.192148716088 2149.998833349137 2400.777164498982 2077.3842217741444 1193.8098720383216 968.0206035284338 1824.9610806835865 1637.1486384220605 1937.5900196818432 640.134728530064 2949.7626889526114 2176.110115664208 2747.984111765093 2783.24128809749 2516.3907382503276 976.5227787912298
932.0587729097695 987.5875841189238 279.36195763104496 657.8371862080936 2333.6449931888937 1939.6127489702728 1858.0864506469773 1447.399032816609 2323.5745268951073 3316.800096500634 2281.7193111621577 2007.2436864237586 555.66890372249 659.7070637513392 430.4847940865858 1739.95963021334 1882.9466831902919 604.5919236346369 2068.272846991069 2586.6592213026424 3154.607115935247 3435.3027815984055 3676.3226046038985 0 1069.1348495135467 2607.3172555512433 1906.4508214305697 2185.3903371492565 2243.0540456094554 4079.4873595376275 696.0171852924691 2984.0718921394696 3274.936299043447 2400.7470056909565 423.80024367404445 1325.1146599337492 464.4500741111405 269.752248328505 2390.7320506038345 2277.707247533079 4271.606037491973 4149.205093906056 118.60718447640998 3421.2567540379096 2401.705803015055 1733.6497276347543 3879.8265578275705 2684.7839103346855 3574.5319713757312 3680.5915628003986 3755.901271367902 2916.362878189864 1126.099042063814 1805.6334515395702 1932.452026222138 1050.5780025219785 1921.5572059163667 1852.7853475511092 789.6770670361311 1531.9001196880595 1321.1687354463634 1603.2251229180706 3120.4926401464236 3553.470194360534 4418.363872002558 4294.012490462663 1747.8318798357257 4167.1956618140275 773.2463298634295 3908.614999205984 995.7619128690012 964.3945000345665 2677.8549049894605 3735.7971677746013
1417.902749473969 703.0143596445156 1107.452695789346 1213.6203330852927 1316.5324187891827 870.9685574231872 804.9238762254835 835.2169432494297 1307.3249009912306 2268.9754542278833 1269.974215177563 1038.593880835555 1190.5484575528637 949.7294375988653 1160.4724809657368 1871.619083930624 1850.9712757691623 1208.7986349259886 1879.234479009883 1552.7209799074105 2091.7856123710135 2387.110298877001 2630.995081856932 1069.1348495135467 0 2009.959372670541 858.9522551232112 1181.552162533569 1256.368130212101 3030.6790410967305 375.66209162810276 1936.3640526231397 2206.4617901242564 1419.6371105160008 1105.2389440017662 1711.5418572259675 1143.2177440598891 1099.7664270194202 1664.6839733174693 1564.068294680136 3206.827620656563 3090.654983254954 1039.2696734117703 2352.1611880265973 1417.468750127499 792.1267732401908 2811.8742666881953 1894.5809011645836 2506.02243280755 2644.986620322663 2686.76644763633 1861.6574884567442 493.54090672079377 771.6700201201384 878.0830715848601 511.83456622727095 852.6785870525198 802.604886483974 1213.8983296589333 557.5354716442897 525.1473587784621 614.9247314822192 2066.0698369627507 2490.2573325465532 3388.86427787822 3254.7191765954603 760.9303037976675 3101.9241339577948 530.8779779793063 2953.630993252193 511.72187903114695 525.1493771479268 1873.6156150908785 2672.117301080912
2047.5335573881575 2711.67111283507 2417.5681990520243 3082.0871865245394 2441.4997049072845 1826.8696462770365 2072.751764716052 1215.7915664904858 2440.7556015588666 2808.810824016846 1372.0326991898005 1262.275061373552 3019.48567494647 1980.5316788612813 2326.230463920636 1519.7921287545819 1236.324576359445 2198.1851301030774 940.9471185277997 2475.9242143626916 2514.3230729494303 2886.8220977247875 3088.9031185877957 2607.3172555512433 2009.959372670541 0 1608.6949231252008 1345.0980797157092 1263.5453604786394 2494.6099197508656 2148.2342037070393 2595.563267470642 2435.1815969528866 1224.8323111435263 2893.8020374985376 1915.6683650238976 2941.638300513143 2804.444091230332 435.65266285290863 488.87092833031124 2874.405911311252 2667.0454099762946 2664.8971794385247 2471.846214093773 1238.5481402701355 2411.285085848292 2669.5836478009196 541.9085289647606 2630.3469255785985 2080.834090320368 2682.7627037950956 1825.5595711958688 1593.8398497015694 2161.3517147395496 1650.1760250322889 1637.6048145191755 1893.13454746404 2090.51193144949 3133.470723496337 2257.510246064553 2440.623203623182 2248.926899446468 1920.833199451584 2311.8287698463637 2601.447689984677 2575.349883165286 2302.850377841884 3183.725910307966 2502.158126232094 1806.9329454403521 2521.680317726875 2534.227023273693 584.9649545858023 2446.4208289416465
2006.2714501247626 1435.9781434259323 1891.9468113351172 2054.347109041528 879.9854152259182 221.57225236648867 467.2420374404638 904.5798477933794 876.5109263550345 1597.195604473011 437.5953795361375 349.21816179946677 2041.0919946640465 1605.976307603942 1905.9247795038013 2146.7555776672953 2009.0819354353728 1899.4522923483655 1902.3907853338148 1001.0890533858739 1362.0025441159173 1708.4939816147787 1952.4287949420502 1906.4508214305697 858.9522551232112 1608.6949231252008 0 370.857598930254 465.6980425398173 2175.0678045075383 1214.263703551715 1285.974944822265 1427.7757639398303 618.6378067682897 1962.2678128594005 2183.5254008101006 1998.868719554521 1958.0176631158822 1180.7439379446403 1120.9286991446068 2370.561211334702 2243.046420411183 1889.4915452267305 1557.1838135400274 612.2285561350818 833.4169954418925 1989.9412818532292 1289.4203810291035 1721.3323160642062 1786.0473271551066 1883.8902625595463 1009.9399297400087 906.6189276886022 564.0483795369084 50.68827295558574 989.8108388942362 285.0744908602866 485.7135815823863 2034.0160920581277 743.202996157648 1009.6936641659815 707.3402382985975 1214.0425935511976 1651.4026168892444 2529.983841142189 2396.2580252616403 719.1331458927973 2334.9986781721746 1356.342384839473 2129.209436469301 1248.450570036955 1276.6684395379189 1254.205062582814 1833.9888236935171
2148.9535732897707 1797.6195630124312 2134.8683900859996 2392.876274388796 1098.1324472846445 539.4833136938972 805.5923821590592 967.7472809835931 1097.8624106505054 1591.9494298521856 99.88637498529842 208.06160997391908 2372.099635860583 1799.192733487926 2127.1217321716126 2145.242421719143 1964.5205607099808 2093.779259651004 1805.9043385670377 1138.7855153091687 1319.2585668656304 1691.3233260535715 1924.090184509013 2185.3903371492565 1181.552162533569 1345.0980797157092 370.857598930254 0 98.3417989813997 1911.4546368080296 1510.297367303377 1321.1746952601084 1325.2363235867992 248.6832482734845 2284.3423573931336 2266.323576126893 2323.5124727011867 2265.507671018213 909.5338531870209 876.8528588695989 2154.141212403575 2003.9836167210683 2182.141406181208 1426.3862158828485 243.2840934239954 1187.7312555034594 1805.0277252070036 956.8886480685753 1596.8717296757675 1499.9513109314034 1729.9798746575711 794.1038419619939 1103.0954624099602 911.1896039312088 386.7271794995309 1188.3810762778203 609.0353709573003 824.8851076627683 2382.033142724542 1113.2167980968852 1379.941832879816 1074.663838151773 985.5278567112161 1444.0071432158281 2233.5101459382677 2113.8492026124327 1072.5921793269206 2212.5153922300424 1698.9983732604894 1775.4459415906142 1607.1496765567845 1633.8681036925725 917.6166956181554 1623.4200861787347
2168.2685641329 1884.5130358523734 2182.1238717093065 2469.6060504211937 1185.5233569106429 637.8049474594148 903.9257764179881 978.9361474617672 1185.672506619448 1633.0432935877166 114.8625193381659 238.04725846599626 2446.1350229478176 1834.1414670631082 2168.2249467816114 2126.1159293999126 1935.094102393921 2127.512505811421 1763.9147539398957 1213.658926653834 1353.7945284663315 1728.7665812443538 1957.2635172914124 2243.0540456094554 1256.368130212101 1263.5453604786394 465.6980425398173 98.3417989813997 0 1873.153984107867 1575.5710295760107 1374.0760868957625 1343.735542540775 163.3205830775757 2355.4280436321965 2268.9495350443735 2395.406923435362 2331.8318928183594 829.0381460375204 804.2537015722393 2131.5458860815206 1974.2148104815205 2243.989276282145 1435.5972906776813 161.33212178236673 1285.9544289622336 1794.5093381406598 861.6155054644147 1606.3587524015627 1454.9127667205385 1729.662830668624 786.3261369855015 1145.6587410352543 1009.5110581452025 483.8901574819596 1230.2420923569266 707.33804786762 923.2199920434757 2462.4263192124818 1208.843740240249 1472.7151932801446 1171.4034924026498 968.6114579595857 1428.7333829669121 2181.3975668398725 2067.640353275397 1170.8178658377847 2218.8456303263165 1778.3333441862162 1697.3038249012932 1692.9021886441408 1718.933732478748 821.7107310924838 1605.6262405796786
