94
2
360
360
5
0 0
1 30
2 30
3 47
4 35
5 20
6 24
7 24
8 41
9 58
10 20
11 112
12 40
13 22
14 34
15 28
16 44
17 62
18 40
19 31
20 24
21 32
22 62
23 204
24 33
25 34
26 23
27 35
28 36
29 25
30 25
31 21
32 27
33 30
34 56
35 22
36 27
37 22
38 32
39 43
40 24
41 30
42 25
43 31
44 20
45 20
46 31
47 23
48 36
49 23
50 53
51 27
52 21
53 43
54 23
55 32
56 21
57 24
58 50
59 39
60 25
61 26
62 38
63 29
64 21
65 49
66 28
67 21
68 34
69 23
70 77
71 72
72 32
73 35
74 61
75 50
76 69
77 24
78 45
79 37
80 32
81 30
82 29
83 23
84 20
85 38
86 27
87 48
88 20
89 130
90 371
91 34
92 51
93 36

0 2747.214888965769 2196.3230288251957 3168.96616978395 3190.046846247539 2594.6962226488577 2335.3310591745153 2562.6015769445535 1230.2993732129294 1105.6635645608135 1049.0877048407128 1223.460073699491 1925.10725300806 620.2648966295671 2554.218705158576 2613.4968320854086 2814.006010128897 2729.9310907225836 2670.854825249375 2833.983724732429 2678.449273612981 2746.599858959756 2712.557893503543 3126.311855786515 3065.016397552329 3049.320284806146 3476.465326623146 3601.208922650348 3584.0101097960637 2524.733845740907 2506.3163384243767 1880.7852906353248 2173.7918238583984 603.9443587185285 1200.4529303369936 726.7382449794131 256.47872883059455 1645.8897683980224 2932.5526907511094 2893.9993635529204 2676.054788291039 2798.5403916458476 2692.6403487014472 2842.8158186217584 1380.4442441323008 1176.807664182085 452.95917011780085 2914.729458165567 2538.1432177898305 399.5759180926072 2746.9494855520525 2933.27026191403 3595.7788456511103 1044.4612179606017 1590.1419573761407 1855.726762170993 1931.911166943059 3140.550959144254 1143.5429898160914 1534.7040453676802 1866.6220911720093 1550.9823692430766 280.7230248759884 1040.2132323604255 3243.2792273040686 3374.801997291884 221.30662197327078 2175.7755804856265 2450.5474395120577 2622.1984267904472 3641.48543229294 1219.059053263986 1096.5900167258758 2127.1236930776536 2848.0697841256124 2846.365473301866 2281.4024257458627 175.6025140810057 983.4098922191135 3591.157263307087 3503.2809034945612 3597.6297235983498 3313.286080377429 3109.1610787265818 3842.429140693567 1609.034472866865 1731.494313953131 1640.866604976553 2664.716720558016 325.59707164337215 2717.1164280941116 2817.794849668932 1510.3025700685193 875.7879897158035
2747.214888965769 0 1596.3799273209424 731.53525994977 680.9806179176419 202.51151822976288 498.8422124842405 778.5027213879321 2113.616561006403 2955.8541030986908 1879.036284701786 1634.6756945378954 921.7329745465693 2129.7982937400775 564.1920106630533 599.0174521601607 177.30482283444647 112.80700011453254 666.4267432228454 506.0512910773938 74.32833223128944 977.6812922270857 1445.1687212175557 1661.3871593364236 692.041587050191 683.744296428782 1118.9744272104197 1211.4674192815482 1111.0712275158833 1415.4983032191953 1331.2274899924153 1368.9500016717673 1847.977584201266 2790.362560422911 2596.271845086344 2263.3674934087953 2497.2511578047806 1981.1661488638138 765.1972313545524 806.8766042814757 1037.486774048227 1003.6282830756949 1061.5921773191562 1102.9956717327439 1675.0730438203182 1576.9784480919325 2875.892872926178 167.75579602399654 306.2816719347527 2670.2265249199686 637.9208372842464 380.543274480421 1359.2492760373366 1710.7032722555673 1525.1337090415511 1317.1012870608192 1151.3217768117966 1474.9464577948163 2178.7035376965227 1291.1035601103708 913.7230544532708 2360.991083883453 2779.40130720424 2195.370400579991 1093.5534970904962 1056.8995142442877 2648.2707277259196 660.7219598899051 716.5933381232236 182.6408263909911 1000.1708393760815 2585.8546559937145 2227.1862344552756 1853.5839244255515 815.7035908340064 822.8553234369908 1554.8908597303032 2623.9848915014604 3051.0424046853723 1115.8045501676156 1375.4345321980306 1343.3909892981494 955.9730467633458 919.4184242986631 1261.4951914714397 1150.880166546768 1035.832654483483 1127.7504057180377 504.39673927618776 3000.0855084693853 1688.510358674876 613.016379795169 2239.695687648071 2738.5805923328608
2196.3230288251957 1596.3799273209424 0 2323.318755557885 2277.1788560925406 1618.902364779149 1624.8958529302008 869.2502231512873 1022.2934919081171 1789.9143125255819 1956.259164075114 1780.1457925330897 1626.7849040094327 1692.7263823808523 1048.9730033434626 1042.5842717770327 1508.1874453129105 1496.7124276761638 1019.6726813656217 1263.8281755915127 1533.1772064960508 845.334250233393 555.6352267927998 943.4624426357683 1362.9334909295783 1350.7550628759518 1592.2433692903487 1705.9065184246465 1756.7757881333698 381.68213229451544 411.7455778481249 437.4981858373626 253.2160667175441 1888.5749412719622 1386.5019064099183 2163.1341129442626 1963.1586554441697 643.3734185882437 1164.7418479957555 1097.2715141893584 745.1814239528438 874.3072156338072 742.4102415961646 854.466430586466 841.0247564660768 1332.1169302239296 2058.1241103369016 1695.3932858908174 1664.9400589582328 2364.737445107412 2104.625745081213 1971.185650545868 1604.7561598813106 1567.4258037596544 660.0531664860238 508.1662219163392 605.3366759094629 1004.9043506908024 1118.1706687337278 1631.2454047579017 1478.1172206967547 992.3578520824875 2062.1018218120344 1203.3711494117142 1303.343653142805 1495.216563811756 2233.6417805464666 1612.9052440945823 1975.7580364604958 1633.2575505226969 1970.3271579068492 1367.2301622410005 1176.8329310004908 267.20338904827486 1047.654281069177 1041.060943711508 94.38153748943101 2171.585107850817 1955.9858513665492 1764.0218188147803 1475.2672137431061 1616.2912480225202 1483.3059197811797 1252.4402026647954 2055.2963018991504 1418.228970161086 1438.3662168750616 1452.9867952677857 1950.2047370828732 2293.4714653294354 521.1932986875396 2119.9961568915846 913.077177165085 1690.6667110792444
3168.96616978395 731.53525994977 2323.318755557885 0 91.32871739761916 722.4578946301128 870.1856672628112 1506.8790599936353 2742.0790982990707 3555.3153297545878 2178.2076784696183 1960.1047599515966 1244.9848761571166 2580.1186791555724 1295.118020404254 1325.4291591713738 857.1265261969304 838.8837095251223 1384.995629380347 1185.6698186348767 790.8326197058784 1686.5072582965956 2165.1311927186503 2341.61007572459 1288.8574535130383 1287.1535080763526 1602.6336676499207 1653.5548712528903 1516.9396027550279 2145.138949384346 2061.2104289908943 2064.5765073456973 2573.459408880858 3322.020656732707 3222.6568307076273 2570.9226552870095 2936.426939966426 2664.4412252921948 1425.2593185434537 1480.8891396730016 1755.6381551607003 1705.0370865740376 1778.1972923898497 1800.0707051985153 2299.3961443491294 2065.2449202705084 3376.257730878711 674.9921922645394 714.1882318711482 3009.6369163804734 431.0873473144787 352.3229815617452 1858.2527578842312 2133.172490171221 2180.085544399898 2005.5159610686242 1839.9078861734301 2139.177844358913 2795.292920564692 1634.534365997799 1322.7534621119983 3033.233683207281 3254.3705375648174 2794.748330943503 1683.6967949273517 1578.1187566027104 3030.6306643853713 1008.7188638388183 731.3520992868598 702.7724165573529 1257.2013302335256 3214.8917674594313 2837.68720093099 2576.864148498298 1501.7630296097625 1509.5717341475638 2284.7704641313853 3022.3126049017897 3626.247387736923 1518.5468343533826 1920.3226377854742 1836.4960200887836 1481.2175476856985 1533.4311006004061 1528.812856716764 1583.966062360117 1460.2602478681886 1544.9691650604323 507.1855251622559 3456.0422179118536 2411.937502524468 354.56451644472685 2908.3054309890517 3315.382773050631
3190.046846247539 680.9806179176419 2277.1788560925406 91.32871739761916 0 695.5242162818337 872.2773201009869 1449.27099436986 2727.656475696618 3548.1862399692504 2211.2151840989877 1988.5398101408005 1265.0426737923365 2595.405462718134 1240.7341235271629 1267.1437911967473 794.3171283375681 784.3877271231283 1323.0703146409369 1116.8041632788036 744.6599458825721 1620.3851524304778 2101.5897995657588 2267.7310134410386 1209.760474043342 1208.6346839606595 1514.8258762586338 1564.1632596875024 1426.957707862765 2087.615301930223 2004.176550703542 2032.0050794342253 2528.4714418171666 3326.798673806038 3209.50146400737 2604.811211708162 2954.4526061149986 2636.5267491398945 1351.617529632601 1408.8505917457371 1692.2336392823759 1637.0008664375973 1714.176527680831 1730.7487790580306 2284.730757516552 2072.651746069621 3386.2069433781016 608.3867264228799 700.5664262904779 3041.1123909199614 474.9399253406137 312.04347318409685 1770.3237499903937 2150.2647525152397 2158.4665310741125 1974.9582472966215 1808.8681879135472 2063.2515266886485 2783.452439913283 1657.8844478610736 1333.5584902298006 3008.8572989628615 3267.972491342379 2786.322465591676 1601.6117545497152 1492.1216885724332 3056.6661830782896 1019.517102901959 770.257511729007 673.6037921395618 1165.8796324953632 3201.150685770238 2827.1657589852994 2533.355367169258 1431.5588501673792 1439.4411940867733 2235.708655512262 3046.20512013369 3623.8708480110195 1428.48903756244 1834.4406887171253 1748.3821360061024 1395.8901825754522 1454.0958510035193 1437.5270789569759 1595.2382784800657 1471.1633224723837 1557.8955295600485 526.0139373906696 3472.884018559071 2349.676228935913 395.25931697356395 2884.7436354742963 3312.233432344849
2594.6962226488577 202.51151822976288 1618.902364779149 722.4578946301128 695.5242162818337 0 300.0005755765041 862.7288305181625 2036.347106257208 2865.379164744537 1697.3840424019395 1455.2514524329617 731.2434942387648 1981.7557019429942 644.1573682362666 696.7080026962536 367.06433705103683 276.42069108296147 777.3135695724842 663.7725945433477 179.6707350203834 1091.563823410686 1535.8309944666646 1788.9418177517935 874.4420219113942 864.6609184711021 1313.1052859683741 1408.9394503381604 1311.6815085419723 1482.9117704751025 1398.0144325709005 1342.4671620542085 1865.4600232734629 2671.094232049554 2519.0220745851334 2085.3828322100235 2348.137270039426 1942.5356584049587 921.8896290550672 954.3600397188211 1137.5728305296939 1124.6683789354718 1163.513683183334 1225.8263861027397 1593.7661456158169 1435.9202775614317 2746.145221925527 351.7481382195498 105.88259681872421 2499.6522746312 510.67388740693264 385.8610391374254 1548.8478967093768 1552.1956601725956 1463.1217660942634 1283.0611668234494 1117.5077071170606 1614.372022837554 2094.9692980531613 1110.758890912541 739.1054339019541 2313.4862792420136 2641.4453625248375 2102.7659006410727 1268.064097679266 1246.6525368890682 2486.2340720186294 465.9294178218853 528.9293626703006 27.512677883487754 1200.7084382317828 2510.0830114896276 2140.3620328876545 1865.9200049982462 954.861060160779 961.2962398027425 1588.4190010822158 2465.3979389655215 2949.724924986335 1316.5422096130403 1556.782244483862 1533.9909447767927 1146.6442649949627 1090.3666859850525 1463.584673372465 987.7227473694074 868.0584790009696 960.1077247182981 359.67159143352 2857.4182434559916 1770.4473358115217 508.9939876455493 2189.2524851109283 2637.1755908998616
2335.3310591745153 498.8422124842405 1624.8958529302008 870.1856672628112 872.2773201009869 300.0005755765041 0 991.6406886564282 1885.3143918420226 2687.2999502286325 1407.5332114359967 1168.557161471761 436.47828302213384 1731.0864794854458 789.0049036707422 856.7827696014541 647.4025777579475 549.9717629566462 946.3275913268747 895.3516571770348 458.3113403367231 1246.706137488977 1643.5399110925464 1945.6598576734305 1128.9928526761485 1117.3561925053716 1581.4280248885702 1683.7437087206142 1594.830970098001 1558.5269424261135 1475.492431757942 1285.1828630394123 1857.8564768720107 2454.571860524583 2362.3602941736012 1798.3495906265537 2094.002982887983 1850.123325975573 1140.55882366989 1159.779960556224 1271.956418731529 1288.2166551904695 1299.3364444729757 1388.3244312566492 1445.1281044960067 1200.9593379133973 2515.2419110731053 651.6092766890124 212.73295456607423 2219.5555655306653 513.9459092415747 598.1348864932627 1807.0155530102718 1291.0517208012675 1347.4459433713687 1216.9210945509144 1060.3689187770651 1791.7010901002413 1933.6791051043974 825.046244457257 468.76401953242373 2202.2053099801 2400.2976545202764 1928.5119011146276 1503.845464420416 1507.41804906501 2215.789863192943 168.92144171197597 355.9693727115518 324.7808152600207 1499.007307498253 2355.6231761659933 1974.0024224394317 1850.6881972067147 1149.3757539757837 1154.6060975874432 1611.4834362432039 2199.0999937585043 2756.108759114624 1600.0617791545892 1800.2963659940601 1794.1291388101452 1409.9724468203835 1323.9679468860118 1759.2568516938509 728.6275425762465 604.9196606516987 694.6465674590374 376.3688533439287 2609.4083147592146 1859.92869625265 556.4642978199605 2075.3413832199744 2445.4035724450473
2562.6015769445535 778.5027213879321 869.2502231512873 1506.8790599936353 1449.27099436986 862.7288305181625 991.6406886564282 0 1632.3922087026967 2482.237039785643 1945.927134534866 1710.3242360731324 1210.4274385915749 1958.8459139001777 218.94156138222039 182.3318336933023 658.0115721799895 668.4735651985902 152.38088604463243 396.06455734506875 729.0533203070719 264.83557671975075 673.3113027059995 954.9789507846061 543.2618991066944 528.4956151042867 914.40278371406 1039.243681497699 1033.7441110677128 638.4338685119084 554.9117138499093 792.8585576224574 1121.1725559918898 2438.528942859203 2089.174700443038 2271.637603317272 2306.837583937422 1382.297237885353 375.6120424820501 331.550102694587 280.69234635375625 314.1451330006632 307.9130243030556 407.6846287371386 1250.087891843798 1431.068707137595 2568.1541682034917 847.0736961982847 940.5804238143471 2601.5269005797168 1373.3980800451352 1158.3935713660958 1045.8399691828868 1641.0945930623816 1048.0932558936483 775.8273265148948 648.9446497330761 814.7859946664466 1716.713258935301 1424.3567519061244 1102.91013538745 1769.2216348138184 2515.8133447940463 1765.9246276818642 691.3346890609231 812.3801900593069 2524.910907666784 1061.5657728037581 1336.9029616793941 867.9932558706228 1165.2953326415795 2074.125545583051 1773.5692696948831 1136.0903379883534 285.71377032762797 284.4204754807889 810.2428468178321 2480.8423302805227 2615.065332576174 1041.0905974986133 975.7125871227307 1044.5331164432039 755.7488671905895 546.6875508591954 1312.6814634330747 1207.8238463274047 1149.3906152285317 1215.7539116139114 1221.6617284225013 2751.1673446415125 911.7313359414447 1367.4922285500122 1662.0728465941932 2314.529683733229
1230.2993732129294 2113.616561006403 1022.2934919081171 2742.0790982990707 2727.656475696618 2036.347106257208 1885.3143918420226 1632.3922087026967 0 854.5551794729098 1388.8474622711205 1332.340675949654 1637.3655510740116 877.8273425438989 1712.9681826136912 1748.1152991468243 2106.0386941738507 2050.5677537836023 1773.4543283430257 1992.9261248338157 2039.4135668255658 1737.6252964041703 1572.2885801835316 1965.2832521853145 2175.438692306068 2160.5280904683855 2509.719317386464 2631.792433904228 2651.7721263209223 1388.7766139665077 1392.8854516908846 841.7936983609911 954.4827290443618 866.3875565063463 483.06417314983736 1423.5662800346618 1030.3429718190907 417.5528001086408 2001.2725050906668 1945.796722608511 1648.099329498436 1782.0696651427052 1656.9139212205557 1797.4673953348579 442.92743832602565 875.9894801076917 1037.6936603229394 2262.5305737184 2028.5963951438482 1481.1399666495809 2394.565710420918 2421.7478402902075 2571.4988643080187 1024.477836956794 598.6080805688956 857.6854640068466 1002.7356600364005 2019.48278325223 95.90783658397052 1399.1980688734486 1502.404586067492 429.7794070754805 1056.8213334033926 191.11956645487635 2238.9106258424135 2407.3590426989726 1317.525766386178 1781.7854004393132 2157.364162401338 2060.411470205575 2796.0352902753275 473.7368646643073 154.67095764105937 907.1420192036313 1894.80563920826 1890.5986356369467 1114.76015100988 1246.7234207391914 983.1371386399346 2659.1923932428986 2455.3965302279853 2579.0604790750276 2370.108942151458 2143.17144821082 2939.7615491112438 1287.0385230123609 1385.6184277763837 1334.8045526199596 2261.6676048415025 1281.7838388434377 1529.0377990756176 2441.6388838825906 330.2412764700847 688.9329726385931
1105.6635645608135 2955.8541030986908 1789.9143125255819 3555.3153297545878 3548.1862399692504 2865.379164744537 2687.2999502286325 2482.237039785643 854.5551794729098 0 1838.476865021375 1888.8026128869535 2382.1070906212967 1218.314685214416 2567.5059790142186 2602.058179658755 2956.409987530278 2897.751344198877 2625.3665714219965 2847.0336368959365 2881.525794986647 2570.7144899643013 2343.369681777387 2701.356333300738 3025.4668258667875 3010.731727376514 3343.263723330815 3463.373917502737 3491.8024140486796 2171.1575327274986 2190.938710330282 1689.4330076229567 1644.4100113991549 502.424007024145 403.7960378683413 1681.1280030648813 1078.9827608738653 1148.4564168813097 2847.3040425236786 2789.6081813571054 2477.275109993996 2612.105133287728 2483.303331213043 2617.1381559777165 1281.9700849368862 1544.497759203015 670.1695800023836 3108.5462445957896 2847.798051163475 1494.474470971234 3183.947289547033 3247.9530327511434 3385.8787410872837 1589.1476840105288 1452.8036886034101 1710.3338684330422 1857.2801645872648 2791.3416400118836 779.7398408635353 2070.9584889459147 2264.6224547692113 822.3239793768253 825.8522007297702 762.6157175610925 3065.088222802845 3241.832755862198 1303.7271847541915 2565.56368618836 2924.212843678087 2890.48365392419 3647.280531816883 422.7097891888155 729.0709832727088 1599.750273992352 2738.3025255622765 2733.68552699542 1884.090576133058 1233.7426659405296 200.83633768498416 3499.21722994741 3261.472256726061 3395.5420128582896 3210.4278407648508 2981.050514000644 3783.1862108871715 2020.087406722433 2134.552502350412 2066.0979709641224 3061.2455370945063 926.1458373265439 2246.7910709746084 3238.110246315735 878.7625620421906 281.15327141957243
1049.0877048407128 1879.036284701786 1956.259164075114 2178.2076784696183 2211.2151840989877 1697.3840424019395 1407.5332114359967 1945.927134534866 1388.8474622711205 1838.476865021375 0 246.65677119704378 971.6733737796749 620.1641437501996 1858.4071197901064 1930.1376504535272 1986.8191961002162 1892.044497370737 2008.3993850499771 2103.534123553967 1820.1483907908528 2186.7260151263467 2334.7315684940118 2745.9658432394463 2353.247607306582 2338.263808061262 2805.1253805873307 2924.6039193894767 2872.6511146503353 2163.9644674297697 2112.990485993141 1529.4771810891934 2057.1389446099274 1416.2022591346424 1694.0677008438026 393.9934404270158 867.5012820063807 1672.8680304403085 2271.4834525656174 2253.348974785903 2146.8997580615587 2240.861287205593 2170.4805101959096 2314.1072632936834 1181.164370571743 625.6042496129123 1381.8185782159774 2043.5742672549404 1620.0429819280391 832.0609963925879 1748.0788823116172 1986.8841799485567 2978.4967585553013 396.56328940631266 1308.137659156789 1469.0868478493703 1451.4197150602677 2687.662051551931 1360.6550296994096 587.939398512766 966.6307361539075 1818.543722853789 1218.0210294891956 1280.7013715985506 2628.6026166664783 2711.1954123778387 874.2842060242558 1238.8668791118062 1447.4904273862949 1724.1713438150875 2853.6285621147144 1701.19497462794 1357.2110369478803 2020.3967928572354 2217.444059256009 2218.4301499773055 2012.270163947126 882.3375627956368 1810.1425109515562 2879.1169047148337 2920.182373140483 2973.6933757123115 2630.3525074048084 2465.325395467286 3090.7155733598975 759.2680588928403 855.5365521255364 768.0622942902871 1688.3522247679718 1367.5681980267675 2435.3626506526275 1823.6433239829548 1714.3118197201266 1557.3252559050584
1223.460073699491 1634.6756945378954 1780.1457925330897 1960.1047599515966 1988.5398101408005 1455.2514524329617 1168.557161471761 1710.3242360731324 1332.340675949654 1888.8026128869535 246.65677119704378 0 735.0099692655169 699.1535864661828 1616.116192643946 1688.4238904639624 1740.5794512194868 1646.0406380824818 1767.9576490174811 1858.3094626404966 1574.9967530797305 1955.4262768902613 2126.9230361304394 2533.1975311445767 2108.346172286639 2093.426186383607 2561.3881772723485 2680.3777434662406 2627.0171306238153 1961.5063022541142 1906.0573992286857 1345.7242616074122 1902.6403893791983 1509.637572854057 1693.817596007629 630.2322271473546 1012.0139818745762 1565.0775745504898 2029.9052139359285 2013.4682427899388 1919.7188937306605 2009.3682998012032 1943.9537678408526 2085.428826713078 1055.9111579828495 484.0476075887477 1505.4085315274326 1799.8183709925024 1380.4477621138994 1054.7384301659804 1532.6950039687272 1754.156273637318 2737.8624426229676 312.40274590561654 1151.705107791218 1280.6165023808478 1245.132613978972 2465.4620071792124 1320.9561624736393 344.4965689094946 721.3402466388367 1758.2589820146845 1354.9506605833267 1255.1056328620261 2389.2842879802324 2468.105557932689 1071.6216233468178 1000.6058445864811 1233.4364604712298 1482.2146859925315 2607.09501337337 1697.8011777198951 1328.3185916502252 1869.0367571076044 1978.6160379371825 1979.8388670235424 1829.154801364959 1067.693804159977 1886.1937826164603 2633.4532150918867 2682.4813791290167 2732.58842323821 2386.333186264647 2224.3032425195925 2844.104526179187 514.2793979087736 608.8801887202302 521.6177553611981 1463.2508807464758 1529.2533798060758 2241.7830519610925 1606.1919046823157 1644.9490198709932 1610.2868503182372
1925.10725300806 921.7329745465693 1626.7849040094327 1244.9848761571166 1265.0426737923365 731.2434942387648 436.47828302213384 1210.4274385915749 1637.3655510740116 2382.1070906212967 971.6733737796749 735.0099692655169 0 1336.6089587879883 1050.9537666738447 1125.8673122864955 1049.837900565891 951.9214891570131 1215.4750846448032 1235.7545091371735 869.9510047430987 1475.0882883789461 1786.7284286306706 2143.9698600705046 1484.0573453577804 1470.5723648552125 1944.2804832832678 2055.053563224189 1980.6759620732562 1662.528689296129 1587.241737062804 1219.7513483642697 1827.5329697785896 2098.4480849925258 2093.3917131232074 1363.5171794000355 1691.4479104104582 1693.540814714958 1452.1630414708318 1454.6279888944318 1472.5584058869597 1524.3887315855366 1499.8447285756306 1617.3614746421172 1221.643882985776 844.9779643037417 2139.250651152063 1081.743756011873 649.2095041227295 1788.9245168679947 830.247483622437 1019.7388861972687 2151.2232778571347 888.6994844803968 1184.680156787033 1144.95332958036 1021.7629514748141 2023.2556082052727 1668.3985593667062 395.00032812241216 151.55490396616463 2004.618768542708 2011.919161052687 1643.5528830530222 1822.9995140205729 1860.6657489965676 1793.9693913218828 267.5642591030708 547.3348781188292 757.3672407405692 1916.244248352005 2090.0333077440187 1699.7889541245672 1809.5328012630432 1431.8848699761638 1435.3604386767422 1638.7016251902714 1781.7049601837134 2428.3294979840834 1986.4733925511728 2123.2552344921983 2141.4738484880036 1768.8203439209324 1645.9758616132926 2168.253249036158 362.0559798543296 251.9385803873615 316.58687400068436 739.6343715424176 2211.2289325929687 1968.0637014003773 897.019990559962 1877.6494513279686 2124.0534764527424
620.2648966295671 2129.7982937400775 1692.7263823808523 2580.1186791555724 2595.405462718134 1981.7557019429942 1731.0864794854458 1958.8459139001777 877.8273425438989 1218.314685214416 620.1641437501996 699.1535864661828 1336.6089587879883 0 1939.4604197927913 2000.5060071263392 2193.9956665078953 2110.43122684615 2060.965175179807 2217.2618208396725 2060.3908739403832 2155.897928215172 2171.293778354344 2590.235382630396 2451.092677994269 2435.4118151578505 2869.913607231493 2994.3514166129376 2972.05461395061 1985.6226976990367 1956.3445299175955 1326.9423304631136 1721.8897415037172 811.2187400845113 1096.4280072732026 547.5272456975198 367.5023853939926 1243.5669975152764 2324.6750697399584 2289.098908076007 2091.4743566774337 2208.8982269453613 2109.9447263366633 2260.386098149756 851.7242995515636 556.5553064990747 812.5333146511898 2297.059243902452 1929.560071116951 674.495553935515 2166.264650727825 2328.847669222998 2999.6719509173136 448.62403563960066 1045.472984454816 1290.220259374936 1344.4178521464012 2581.8876340041115 823.2417251823642 960.0517846839233 1263.3287699307907 1290.7800158947837 675.6739518759674 727.0733261706268 2645.5574096607543 2769.023293176485 568.2330597347935 1576.3104705185847 1876.2660109899336 2009.2025769132756 3022.4495853685116 1106.1284020129797 803.4874772123139 1678.2820718191326 2244.5110768162085 2243.2580956249626 1769.056997222234 522.0117148624795 1195.36098570745 2979.136650994047 2913.9229711247526 3000.197120008118 2704.2138518620286 2505.198074588878 3226.5185516809483 1002.465748619334 1126.3200211238186 1037.916806784388 2073.2268747749317 878.3279674009364 2209.7627122882104 2233.626178622279 1206.035826569092 937.1646494065061
2554.218705158576 564.1920106630533 1048.9730033434626 1295.118020404254 1240.7341235271629 644.1573682362666 789.0049036707422 218.94156138222039 1712.9681826136912 2567.5059790142186 1858.4071197901064 1616.116192643946 1050.9537666738447 1939.4604197927913 0 75.14217878153444 459.28577739325493 456.59154881000387 164.7372244604945 285.713320393739 511.71270648315414 458.6453304827823 892.2290396297444 1159.2807886881344 511.86010990787014 496.2051442529423 948.9436269222998 1070.4920454098594 1034.6188808733361 851.6429855663275 767.2168416525586 895.5009570118169 1302.1624991635717 2481.979700102911 2183.83740134372 2204.4928624646614 2297.7707767389006 1506.3185660037088 414.45561866362783 406.1349126855494 494.63027599109546 499.21618423377305 521.0636110689477 599.4878984250316 1302.7114446876826 1393.1370328176097 2598.2422961854736 647.1645561326718 724.0401823503886 2559.3758438964574 1154.7594926728943 944.7335960070253 1123.391562909809 1585.6075196066533 1115.6518346464152 861.6940352125594 710.2337471620575 1003.0368760558366 1791.2324050477243 1308.050161595754 960.2458963911594 1893.8523032518412 2531.428897307265 1829.2731087399784 780.5527557451719 853.3014083313788 2497.910776320413 875.0033463713256 1127.3307788238578 649.1047242974104 1101.92263996403 2170.378147954463 1845.7225453291082 1312.3114735731144 380.9647767766365 384.40842644317416 999.7520853089693 2459.277358754212 2688.0443954161124 1041.5821538174657 1079.318291097771 1117.2369971668124 776.0827142976042 609.8048855578061 1288.4246187404813 1103.2258660271034 1027.3679253940277 1103.3288158826372 1003.4241956002359 2764.0038137801503 1130.045171376722 1148.563862946396 1780.1815584701405 2381.3843888548477
2613.4968320854086 599.0174521601607 1042.5842717770327 1325.4291591713738 1267.1437911967473 696.7080026962536 856.7827696014541 182.3318336933023 1748.1152991468243 2602.058179658755 1930.1376504535272 1688.4238904639624 1125.8673122864955 2000.5060071263392 75.14217878153444 0 475.77175829016767 487.95582005902816 90.85882760339328 245.2107465033362 553.013271794524 396.4102918616573 847.0527625567677 1096.868972350629 451.84872141823956 436.1548641666283 879.9893567262191 1002.3795864430926 971.616275338606 820.4715922825526 737.1404518362433 920.8628601544395 1295.4869737711165 2528.822334862926 2214.975748689295 2273.8485166975047 2357.0195358417873 1526.0048497779353 341.4831112195785 331.10286290586447 442.2805361175814 433.63597638629653 467.66679320777433 534.6788727371627 1345.3155710887488 1456.9981772230121 2648.6565630168197 664.8748875530663 781.3912880766155 2625.055016647769 1205.8299524014815 977.928662031246 1050.0393371272228 1652.7444820640983 1153.3000349759106 892.3836258575518 747.2015019085526 935.1689728774796 1828.3884145666495 1382.0979000746029 1035.3318669110865 1913.8690597489785 2585.342510109885 1869.843680640334 705.9521194416395 783.1486703385399 2560.851608988937 947.2245857404581 1190.7406943967758 699.4346905646476 1054.7966287301601 2200.9662973373865 1883.6811720233416 1308.2810905967349 306.02171081115824 309.59772844923975 987.6081918638843 2521.157178216072 2726.5464054228746 978.6783412618197 1004.4449581347272 1044.2819995521995 708.5229281015899 536.3060607155198 1231.5595141242413 1176.1174281552715 1101.6017361556155 1176.9213790812253 1056.3274429691476 2818.7134137985113 1089.4945483743722 1195.7837998926545 1802.5390971249378 2421.5136305722967
2814.006010128897 177.30482283444647 1508.1874453129105 857.1265261969304 794.3171283375681 367.06433705103683 647.4025777579475 658.0115721799895 2106.0386941738507 2956.409987530278 1986.8191961002162 1740.5794512194868 1049.837900565891 2193.9956665078953 459.28577739325493 475.77175829016767 0 98.29228381503174 528.7600076144648 338.8004120648867 190.34933256994586 830.2000830320472 1308.1256811618132 1500.8362367225047 514.7527226199043 506.446757087902 946.1768402991879 1042.192079266669 948.0728858787343 1295.0915670847605 1212.2721053943428 1324.6151245073752 1761.3482586329994 2820.3149114718994 2585.8058479549622 2364.393830608315 2560.95585321806 1939.9233295174715 594.7538227202227 640.7649148808026 898.6226485884773 851.083586144941 921.0759674402268 948.2587174850623 1675.2998080574744 1637.6410625760477 2916.6170791045733 189.1308266185811 472.946295004682 2759.833076954623 811.2481619207102 519.1324814621106 1183.8405925415009 1789.694065905949 1509.6049717171738 1280.2629186317358 1117.9388748596464 1309.073615564201 2176.7228035223056 1400.8613429647658 1021.4402591943499 2324.8480235447796 2829.4255174198074 2201.7250301284816 916.5860797198924 881.4445469138637 2726.9385439022344 799.4092695444674 891.2619502984912 351.96790370042277 868.7251558816432 2574.061928294744 2227.8075727286696 1770.9904089902232 654.2837360446827 661.7727373155667 1458.5172235793555 2698.4721351690523 3061.854422722018 953.1850065037175 1198.2088172676176 1168.4259855434098 780.8924618649955 743.2432039387256 1118.5743366919155 1241.2927185809706 1133.3823171356428 1223.659983647638 681.0348448082653 3054.6880316314264 1555.5664587139356 781.3789326507397 2206.8970319719083 2750.651555606123
2729.9310907225836 112.80700011453254 1496.7124276761638 838.8837095251223 784.3877271231283 276.42069108296147 549.9717629566462 668.4735651985902 2050.5677537836023 2897.751344198877 1892.044497370737 1646.0406380824818 951.9214891570131 2110.43122684615 456.59154881000387 487.95582005902816 98.29228381503174 0 553.8834121761754 397.9581246777912 96.77984513668062 864.8761435418797 1333.1951003310357 1549.388510953486 598.2547040700432 588.7101106907613 1038.3060560359058 1136.642124973036 1044.9262375424019 1306.3940517596711 1222.373001968208 1286.622396775608 1749.098567117272 2749.2274408343983 2532.0299400329613 2271.0988678451163 2477.745751352642 1901.1195608073365 657.7237740211646 697.0567720246651 925.139653241117 890.9372319057328 949.1163116875248 990.424959742181 1615.781703882329 1554.719451943607 2841.4723424955164 212.9714831788642 381.79313494968267 2669.3098685384102 746.6889069818778 490.0162224531324 1272.5485995095576 1701.4753286765322 1457.1718856574091 1238.1487328072437 1073.5908648050483 1364.36983720673 2118.738338718449 1305.417258929331 925.9381536640902 2283.659643612108 2750.9003152120927 2140.043341986365 994.5273889135445 970.447677489492 2639.313610018697 701.138501535671 804.620281218508 264.51064152156533 965.5567535404319 2520.9056875195765 2168.688850248728 1756.1561921219186 704.3963079985699 711.457778612121 1452.4612662583975 2612.033562313504 2998.7332394569426 1050.1265868747257 1281.1664674315837 1257.8471756658885 870.6721148233967 818.1890610739001 1216.7090794694793 1149.5744610435092 1039.9373166878913 1130.6895191547649 608.7603762365911 2974.670551342946 1577.1877484307659 724.4631740794588 2163.8850437822875 2686.8489572925887
2670.854825249375 666.4267432228454 1019.6726813656217 1384.995629380347 1323.0703146409369 777.3135695724842 946.3275913268747 152.38088604463243 1773.4543283430257 2625.3665714219965 2008.3993850499771 1767.9576490174811 1215.4750846448032 2060.965175179807 164.7372244604945 90.85882760339328 528.7600076144648 553.8834121761754 0 244.27907524484112 626.1265850960967 314.6294583707503 780.573614145232 1012.388865883136 405.1549940608886 389.79552340865894 810.9454477707703 934.6985985645715 913.8540960453389 770.0944653703439 688.8390318210986 937.4159689996195 1270.8807769705645 2568.5688218737605 2234.3335113656035 2347.5278878865824 2414.502451939863 1532.4072924228997 266.13695520198627 246.06769157737637 371.55030480691306 347.9652660490026 395.25716680189976 449.2448767460444 1381.4283503977363 1522.3558329836576 2693.236295590026 715.93812780765 865.0544208476432 2692.3470236287235 1284.0632710651232 1041.3827321093936 970.1027609818744 1723.0322085397165 1183.7736614038001 915.770391794177 779.7871412027924 846.5712415871919 1856.1653543070413 1465.7276418421422 1122.808758795136 1919.6999635273762 2634.9038968724767 1902.0129731779637 622.2756429210895 711.8277236709008 2623.815860636087 1038.0659875557176 1277.795494762121 778.4229483383492 1022.6376796840328 2219.638657689102 1912.400007903811 1286.7554199297304 216.94916275496848 220.05364421867557 958.2451382213341 2582.5034685654987 2754.917251429075 921.0657481557756 919.1481962484946 965.4538811713479 643.2669191989635 457.23676236490525 1183.3752523295875 1257.190052976801 1185.870883931635 1259.5406948163957 1136.2381822459938 2869.2613130660607 1026.9920615787184 1270.9014875427079 1811.5247830163523 2452.3338892763973
2833.983724732429 506.0512910773938 1263.8281755915127 1185.6698186348767 1116.8041632788036 663.7725945433477 895.3516571770348 396.06455734506875 1992.9261248338157 2847.0336368959365 2103.534123553967 1858.3094626404966 1235.7545091371735 2217.2618208396725 285.713320393739 245.2107465033362 338.8004120648867 397.9581246777912 244.27907524484112 0 489.11833125500806 506.0872782049947 991.2470141811011 1162.4992407924003 251.0556914258783 236.67306472413784 710.3587500957979 825.1785271863164 769.9089288489905 1002.2320422280528 923.3989909370414 1165.7030246990305 1514.7484801692185 2767.6238210209754 2460.186023666544 2460.8936689007605 2577.690313783773 1768.6511252498956 259.78133299049586 302.0328115305961 585.7391837400113 520.2534337211955 605.1195537595622 614.4040969102846 1587.1273342080215 1666.983597103466 2883.7471484561365 510.8556603529816 764.7437265953281 2827.464722860142 1143.8029795417758 855.8720260265617 917.8528558273609 1851.1532679490704 1397.3237872072732 1137.5736891381327 991.2160020380792 970.5123333587279 2072.7170668383533 1535.9657877875734 1169.3789997370384 2156.4312040392947 2815.7177032410636 2112.8556566668803 609.3636447167647 624.914526517273 2772.1321326099746 1019.2259741814158 1190.4471613007247 656.7124273295842 816.2881836010189 2446.1661376048387 2127.7632321242763 1530.9516666882835 316.86965384415197 324.5463820560026 1201.3911797035234 2735.3961036310657 2970.5177158145552 776.5164115450831 904.9454695196382 906.9837531212468 534.3687787617233 429.81446466783297 1009.5118587632072 1344.28491678676 1255.5935152313398 1338.193420886428 1006.6474404357508 3047.800686894074 1241.790511531179 1118.0138090407847 2046.1248154114928 2664.7949909586355
2678.449273612981 74.32833223128944 1533.1772064960508 790.8326197058784 744.6599458825721 179.6707350203834 458.3113403367231 729.0533203070719 2039.4135668255658 2881.525794986647 1820.1483907908528 1574.9967530797305 869.9510047430987 2060.3908739403832 511.71270648315414 553.013271794524 190.34933256994586 96.77984513668062 626.1265850960967 489.11833125500806 0 940.0680183207957 1399.9175765516582 1630.9327964866077 694.8321111040461 685.1480427919649 1134.6267377894642 1232.09444912224 1138.3027758755275 1362.899008931511 1278.2890927050216 1297.8621849354429 1784.0558278487938 2717.0858141493973 2522.107766281512 2202.5106635320712 2427.8892339399213 1909.2536556759244 748.5988456272388 784.9170390026051 994.662773015954 969.1403372999935 1019.5241646213602 1069.5556542672914 1600.7671354623374 1506.7155978341389 2803.564542811459 237.14046017120845 285.0225013755833 2606.3303577815022 661.4553985734447 438.51402858686055 1369.321235245477 1643.8755748232347 1451.3497740274317 1245.1805668575996 1079.2311041531048 1449.9479363657476 2104.3977838101478 1232.3927936370328 853.6629293660076 2288.4215028741532 2708.1135577462965 2121.062710485788 1089.826720153519 1067.2005513729337 2581.79776207671 613.9789914875763 708.1829450424144 168.68075024130152 1046.6250888224508 2511.731018794499 2152.8607805941288 1788.6997633622973 789.2569579491004 796.0618742110789 1493.94498407447 2556.6352821690743 2976.84975755374 1143.3774027115219 1377.4582124951396 1354.5881782878114 967.3623773516728 912.8263305750427 1302.6712167004384 1086.148966616097 972.8445129087328 1064.4582302611948 519.1808814098626 2929.4511198440514 1640.7265464290276 644.8983055230859 2166.8606667613717 2664.406344806375
2746.599858959756 977.6812922270857 845.334250233393 1686.5072582965956 1620.3851524304778 1091.563823410686 1246.706137488977 264.83557671975075 1737.6252964041703 2570.7144899643013 2186.7260151263467 1955.4262768902613 1475.0882883789461 2155.897928215172 458.6453304827823 396.4102918616573 830.2000830320472 864.8761435418797 314.6294583707503 506.0872782049947 940.0680183207957 0 485.86364224356845 700.8742094274111 528.651520621765 518.3038146487985 772.910058219623 894.2859196240189 923.7385188694232 521.3545525449541 452.8977286743299 902.918652468671 1081.1738486919776 2574.8059782024193 2169.9605777093925 2499.682945413577 2492.9931037030137 1436.2741376993833 328.6350311118062 258.87861567746734 100.2383509222689 54.25727497319169 108.20390549569082 143.1901548384795 1394.8683968229254 1646.853407608792 2716.999829467586 1012.2580922448518 1177.720867478591 2811.6080606618852 1598.6894906912976 1348.1268376117746 851.1360051007608 1865.8187645760931 1184.2624445150714 906.7897709656954 814.7201899480987 550.4322514588167 1827.5020333625114 1679.6045013309101 1365.87023823319 1813.6012621834404 2678.883932904013 1888.5117446033064 504.6145344539514 671.1646121343354 2724.092343643329 1323.813510176597 1585.7562050604631 1092.9939053496817 1125.191094863855 2153.0574793656106 1886.1369237588 1106.2438859455458 214.1245922408509 206.46791073702167 766.1017013623422 2676.0241543250536 2717.266800595844 931.1186893889001 758.0521321886899 854.7979872097852 644.4697770437291 412.89776306183234 1219.4267256237629 1460.1238252826588 1407.6410048188332 1470.7286295503616 1450.7290501910497 2915.3726245275952 736.9579251561591 1584.9662116698628 1717.9498023200897 2426.4262141297686
