16
1
21600

0 0
1 11
2 17
3 28
4 18
5 41
6 26
7 33
8 14
9 38
10 18
11 15
12 12
13 16
14 15
15 14

0 395.1834878121276 474.57766322768805 511.562402097674 562.7323545979287 379.99635946345524 439.33313618659736 424.5199505736802 260.03491644347497 306.7664483236999 411.32295042359044 474.44361727173043 339.71684612972473 462.2533542247564 397.9083712283008 468.5110252977205
395.1834878121276 0 305.22090199644344 380.163361308409 452.3917068149878 93.09251080234283 59.99153717924812 784.2615766217846 541.732861138552 662.0086918700349 159.4660603604703 176.32740546894186 733.4329768155426 805.4784712753205 773.0701509704587 292.82453740879794
474.57766322768805 305.22090199644344 0 75.63892559977279 147.43471548066108 214.31487269253824 270.81956875518534 720.4263165608586 456.6888441623458 612.4715886730921 145.75519138521702 479.8413034410075 782.6296780034562 936.8241286065712 734.6006386548205 12.43088122619919
511.562402097674 380.163361308409 75.63892559977279 0 72.2761099921573 288.4764059609406 346.44726491490223 712.4333552231283 453.73295727749263 611.7555984206966 220.8336334575128 555.2290733060802 801.6075463030221 971.8784418898689 732.9628587523125 88.03678925652382
562.7323545979287 452.3917068149878 147.43471548066108 72.2761099921573 0 360.7501718979444 417.79332035583747 723.8035856022113 473.78915785854866 631.0446760135193 293.0036883503817 627.2715485547456 836.2578329126043 1018.7660687065598 750.0612676475347 159.8655966019972
379.99635946345524 93.09251080234283 214.31487269253824 288.4764059609406 360.7501718979444 0 82.4011640842766 736.730503884543 483.1020587265028 616.0587769584893 70.00270748403794 269.41860778271763 718.6124918442672 819.8547966665307 732.364731387122 202.0349878681149
439.33313618659736 59.99153717924812 270.81956875518534 346.44726491490223 417.79332035583747 82.4011640842766 0 813.231641941903 562.8560043714886 691.7599354563567 129.51223078544692 212.55984665704696 778.9680317710687 860.7372117678408 806.1014867215048 258.45138480983167
424.5199505736802 784.2615766217846 720.4263165608586 712.4333552231283 723.8035856022113 736.730503884543 813.231641941903 0 264.55234376451324 122.43261312579345 736.1877480856016 893.305121996226 279.80551507376015 534.9424516911337 63.46747214407115 721.5209729454198
260.03491644347497 541.732861138552 456.6888441623458 453.73295727749263 473.78915785854866 483.1020587265028 562.8560043714886 264.55234376451324 0 158.08188282231825 475.4790073233966 673.7008621234017 380.2827221140999 604.2482080752352 279.3505319386466 457.39691509114084
306.7664483236999 662.0086918700349 612.4715886730921 611.7555984206966 631.0446760135193 616.0587769584893 691.7599354563567 122.43261312579345 158.08188282231825 0 618.3116940784205 771.8246778243953 256.626906571769 505.54676364998465 122.13574972389058 612.5058814642617
411.32295042359044 159.4660603604703 145.75519138521702 220.8336334575128 293.0036883503817 70.00270748403794 129.51223078544692 736.1877480856016 475.4790073233966 618.3116940784205 0 334.4930884890706 744.3031376768113 863.4071732621035 737.8551509645508 133.35895320431464
474.44361727173043 176.32740546894186 479.8413034410075 555.2290733060802 627.2715485547456 269.41860778271763 212.55984665704696 893.305121996226 673.7008621234017 771.8246778243953 334.4930884890706 0 790.2764621205657 806.34435950414 871.578425538262 467.4109435286142
339.71684612972473 733.4329768155426 782.6296780034562 801.6075463030221 836.2578329126043 718.6124918442672 778.9680317710687 279.80551507376015 380.2827221140999 256.626906571769 744.3031376768113 790.2764621205657 0 256.0690532383812 217.19505575035024 779.2169132177037
462.2533542247564 805.4784712753205 936.8241286065712 971.8784418898689 1018.7660687065598 819.8547966665307 860.7372117678408 534.9424516911337 604.2482080752352 505.54676364998465 863.4071732621035 806.34435950414 256.0690532383812 0 471.75570375390566 930.6548675305294
397.9083712283008 773.0701509704587 734.6006386548205 732.9628587523125 750.0612676475347 732.364731387122 806.1014867215048 63.46747214407115 279.3505319386466 122.13574972389058 737.8551509645508 871.578425538262 217.19505575035024 471.75570375390566 0 734.6376661060228
468.5110252977205 292.82453740879794 12.43088122619919 88.03678925652382 159.8655966019972 202.0349878681149 258.45138480983167 721.5209729454198 457.39691509114084 612.5058814642617 133.35895320431464 467.4109435286142 779.2169132177037 930.6548675305294 734.6376661060228 0
