23
1
21600
0 0
1 36
2 13
3 13
4 17
5 28
6 18
7 26
8 57
9 13
10 14
11 14
12 14
13 38
14 13
15 16
16 18
17 15
18 33
19 14
20 16
21 14
22 14

0 603.6653295649314 589.4695978941339 738.3122992586893 474.57766322768805 511.562402097674 562.7323545979287 439.33313618659736 590.1972179460203 431.1200387588457 530.213581864876 445.20843630742587 260.03491644347497 306.7664483236999 776.6818737485718 668.7325641880046 411.32295042359044 860.2933272335446 1011.3469767587353 907.12982966297 462.2533542247564 468.5110252977205 693.7631193334867
603.6653295649314 0 154.08397027657668 185.799545262241 617.3748719838959 571.4260832229231 544.5785970328221 821.8816153164709 72.68732715789297 172.54676860868616 73.60863715291467 308.94042513478456 343.7613004063696 381.7745581671744 242.37701279625628 209.50127196051807 704.8657750557306 622.2093898850866 825.2767812687256 680.9312832175015 886.0820134110331 624.7179384580186 507.6236919029493
589.4695978941339 154.08397027657668 0 329.85349571297763 713.2871481973789 678.848396206102 663.7772262807293 883.606124920123 221.4345768425676 204.2190325403641 159.88367118345175 413.2706349932301 341.87788835824824 311.2289913724087 387.28558949197674 363.3916350878188 778.0101204191612 772.8712722139536 975.5321208806932 831.7920633165767 792.1889937836355 718.6907654262089 649.7160898525531
738.3122992586893 185.799545262241 329.85349571297763 0 628.8319232474245 566.6034498038176 519.0080018076011 871.2810570907413 155.61772292131883 325.95130625595215 237.6153790361457 346.95457411993596 487.51698784257644 556.8039304725222 57.444377674068996 110.72333558630157 744.6691198988107 498.5954269963854 698.2727337549619 554.3433614621279 1062.2426995379512 638.7854426412072 425.6511248164283
474.57766322768805 617.3748719838959 713.2871481973789 628.8319232474245 0 75.63892559977279 147.43471548066108 270.81956875518534 555.746566504851 512.5709269284044 565.0315613168583 308.4413877622124 456.6888441623458 612.4715886730921 632.1050170801094 519.4232122284811 145.75519138521702 458.3596059288857 562.6859762871188 488.9949814643235 936.8241286065712 12.43088122619919 318.64584448004274
511.562402097674 571.4260832229231 678.848396206102 566.6034498038176 75.63892559977279 0 72.2761099921573 346.44726491490223 506.1146379019409 483.88986611771037 525.0486014544883 266.2294602681731 453.73295727749263 611.7555984206966 566.0361665435727 456.19830085347303 220.8336334575128 387.68145709313734 506.0307402354144 421.79787461349184 971.8784418898689 88.03678925652382 243.44164485148207
562.7323545979287 544.5785970328221 663.7772262807293 519.0080018076011 147.43471548066108 72.2761099921573 0 417.79332035583747 475.7535905379214 478.00005823295277 505.86747792049937 253.18959163829513 473.78915785854866 631.0446760135193 512.9461670524806 408.3581528229748 293.0036883503817 317.8628381766223 448.75885105774114 354.9292010865844 1018.7660687065598 159.8655966019972 171.2416247700143
439.33313618659736 821.8816153164709 883.606124920123 871.2810570907413 270.81956875518534 346.44726491490223 417.79332035583747 0 771.7234472622957 680.9646013716209 757.6136852739909 527.5340827202507 562.8560043714886 691.7599354563567 883.0771533554735 766.324914920229 129.51223078544692 718.6027744388572 789.5944884666176 741.5056478618911 860.7372117678408 258.45138480983167 588.5277899024198
590.1972179460203 72.68732715789297 221.4345768425676 155.61772292131883 555.746566504851 506.1146379019409 475.7535905379214 771.7234472622957 0 170.3962379039171 86.41154842581908 249.02369934620245 334.9178606945777 402.5014056203252 205.83943507409307 145.34736889583286 651.1498581113411 551.6973143470804 754.563057767214 610.5637144681476 907.4802137539361 563.7375091354818 434.94480992116604
431.1200387588457 172.54676860868616 204.2190325403641 325.95130625595215 512.5709269284044 483.88986611771037 478.00005823295277 680.9646013716209 170.3962379039171 0 99.20629585099854 225.15813279271188 171.25151003395436 237.49525188869242 374.4607074577572 291.6024687133828 573.8391679266805 643.734865563194 839.8630728159908 701.9806697354315 739.5230685171581 517.3056806230974 497.8047142329107
530.213581864876 73.60863715291467 159.88367118345175 237.6153790361457 565.0315613168583 525.0486014544883 505.86747792049937 757.6136852739909 86.41154842581908 99.20629585099854 0 258.91264901988535 270.44688082222694 319.3927930923713 290.4504985377494 228.42894503063275 643.6859528038375 620.9410179948061 822.3822355466217 679.9433438185733 824.9369170587511 571.4819593048202 491.44398956638844
445.20843630742587 308.94042513478456 413.2706349932301 346.95457411993596 308.4413877622124 266.2294602681731 253.18959163829513 527.5340827202507 249.02369934620245 225.15813279271188 258.91264901988535 0 259.5879432978381 405.1980695065616 367.0242303523039 249.282570892388 403.978948302075 452.23146808747504 636.4451269720385 507.34388702158407 856.5278392182454 315.81731650859206 291.5902934782393
260.03491644347497 343.7613004063696 341.87788835824824 487.51698784257644 456.6888441623458 453.73295727749263 473.78915785854866 562.8560043714886 334.9178606945777 171.25151003395436 270.44688082222694 259.5879432978381 0 158.08188282231825 530.8727305316149 432.1903013262996 475.4790073233966 711.717447538406 892.534377837401 766.3934711723373 604.2482080752352 457.39691509114084 549.4050554980751
306.7664483236999 381.7745581671744 311.2289913724087 556.8039304725222 612.4715886730921 611.7555984206966 631.0446760135193 691.7599354563567 402.5014056203252 237.49525188869242 319.3927930923713 405.1980695065616 158.08188282231825 0 608.3403017201466 529.0315202979824 618.3116940784205 854.8675470701056 1041.6402478756909 911.1581210163894 505.54676364998465 612.5058814642617 696.7155553712194
776.6818737485718 242.37701279625628 387.28558949197674 57.444377674068996 632.1050170801094 566.0361665435727 512.9461670524806 883.0771533554735 205.83943507409307 374.4607074577572 290.4504985377494 367.0242303523039 530.8727305316149 608.3403017201466 0 118.01602609849726 754.8774844077341 459.34932839160075 655.8757009728153 513.34065580942 1113.1684502422645 642.6890896938094 403.03535445300747
668.7325641880046 209.50127196051807 363.3916350878188 110.72333558630157 519.4232122284811 456.19830085347303 408.3581528229748 766.324914920229 145.34736889583286 291.6024687133828 228.42894503063275 249.282570892388 432.1903013262996 529.0315202979824 118.01602609849726 0 638.621430512294 417.218014231188 620.1548103411362 475.3142041779628 1027.9624716845892 529.6006659470758 323.3298959922184
411.32295042359044 704.8657750557306 778.0101204191612 744.6691198988107 145.75519138521702 220.8336334575128 293.0036883503817 129.51223078544692 651.1498581113411 573.8391679266805 643.6859528038375 403.978948302075 475.4790073233966 618.3116940784205 754.8774844077341 638.621430512294 0 602.2557207746368 692.4721884061338 630.0423167357084 863.4071732621035 133.35895320431464 464.2421151280597
860.2933272335446 622.2093898850866 772.8712722139536 498.5954269963854 458.3596059288857 387.68145709313734 317.8628381766223 718.6027744388572 551.6973143470804 643.734865563194 620.9410179948061 452.23146808747504 711.717447538406 854.8675470701056 459.34932839160075 417.218014231188 602.2557207746368 0 203.13869220345072 59.00862438596667 1300.6547958226117 470.3992693926208 166.9799724140071
1011.3469767587353 825.2767812687256 975.5321208806932 698.2727337549619 562.6859762871188 506.0307402354144 448.75885105774114 789.5944884666176 754.563057767214 839.8630728159908 822.3822355466217 636.4451269720385 892.534377837401 1041.6402478756909 655.8757009728153 620.1548103411362 692.4721884061338 203.13869220345072 0 144.8704053651925 1464.7359621552584 572.9898358765797 345.1691056978722
907.12982966297 680.9312832175015 831.7920633165767 554.3433614621279 488.9949814643235 421.79787461349184 354.9292010865844 741.5056478618911 610.5637144681476 701.9806697354315 679.9433438185733 507.34388702158407 766.3934711723373 911.1581210163894 513.34065580942 475.3142041779628 630.0423167357084 59.00862438596667 144.8704053651925 0 1351.563970892759 500.6418231083379 218.020455655327
462.2533542247564 886.0820134110331 792.1889937836355 1062.2426995379512 936.8241286065712 971.8784418898689 1018.7660687065598 860.7372117678408 907.4802137539361 739.5230685171581 824.9369170587511 856.5278392182454 604.2482080752352 505.54676364998465 1113.1684502422645 1027.9624716845892 863.4071732621035 1300.6547958226117 1464.7359621552584 1351.563970892759 0 930.6548675305294 1134.105527262156
468.5110252977205 624.7179384580186 718.6907654262089 638.7854426412072 12.43088122619919 88.03678925652382 159.8655966019972 258.45138480983167 563.7375091354818 517.3056806230974 571.4819593048202 315.81731650859206 457.39691509114084 612.5058814642617 642.6890896938094 529.6006659470758 133.35895320431464 470.3992693926208 572.9898358765797 500.6418231083379 930.6548675305294 0 331.0753716756448
693.7631193334867 507.6236919029493 649.7160898525531 425.6511248164283 318.64584448004274 243.44164485148207 171.2416247700143 588.5277899024198 434.94480992116604 497.8047142329107 491.44398956638844 291.5902934782393 549.4050554980751 696.7155553712194 403.03535445300747 323.3298959922184 464.2421151280597 166.9799724140071 345.1691056978722 218.020455655327 1134.105527262156 331.0753716756448 0
