40
10
21600
0 0
1 12
2 12
3 4
4 5
5 4
6 4
7 6
8 6
9 4
10 3
11 8
12 4
13 7
14 13
15 10
16 6
17 4
18 5
19 5
20 5
21 4
22 5
23 4
24 4
25 6
26 7
27 4
28 4
29 14
30 27
31 4
32 4
33 9
34 6
35 11
36 9
37 12
38 7
39 8

0 4350.240117985205 4091.747479923611 4549.4143241514585 4424.7912918617685 4381.470933109946 4345.338841453737 4284.676250185661 4029.055715907901 4047.3962776487065 4581.410734957198 4560.379445307172 4527.620579713817 4454.095428893566 4414.449659216587 4381.119032483158 4265.683116271935 4278.315132188109 4518.323834253555 4495.200313808751 4475.667544748622 4480.296460707919 4460.154120393533 4424.952366463044 4322.933156620613 4221.850446469559 4676.553425717897 4657.452272133571 4593.635736071627 4556.627401841473 4501.8905764581505 4359.738050106557 4206.17668010102 4307.943023349628 4436.536429095906 4547.4583798229005 4507.673561269688 4378.884253187234 4746.582536414341 4867.932688696541
4350.240117985205 0 293.1863827339973 579.9106037308562 183.42726302147807 196.01311436991523 90.94505834965034 182.70144935797288 359.86520843307096 443.56635935406575 459.5445285653832 425.5215994531684 447.20802671423064 428.87055410518246 423.92304091055377 426.2956076256448 199.13571819233164 336.3125563601248 517.9206413837568 543.0737236251788 518.2912354363168 578.3368880808863 548.8738301215079 355.45895022277557 140.33530431764308 239.3590336054953 809.5941201468514 655.2760386501395 613.6458672011684 635.0603636087535 677.8533028140039 630.4487296680713 559.8958384820245 46.96649806672332 222.20417721866707 405.21460128305415 349.70904409036405 133.15816858852457 1068.0732822091188 1022.6048128401741
4091.747479923611 293.1863827339973 0 599.3051323927034 333.8380777030196 293.8109305866627 258.51222841044455 194.9633009320172 67.22681477219588 186.28693310838065 546.7768284732365 516.5514418772426 506.0493878164527 448.1257784276322 418.92311672169075 398.2528009064533 178.0092886317982 260.2736395810457 541.9428037217962 545.4875713267417 517.8673101737913 562.2108214697815 530.4470343906497 387.37507843036366 231.22776848168945 143.12127553580706 820.4980820486362 703.6261182088792 644.5168433018307 640.8623124333766 646.9382350291783 543.7695104989568 405.37464315596117 246.2416904752845 349.7811313427921 498.442834752449 446.38578714505377 287.41682705860455 1047.9144304945341 1051.589486204491
4549.4143241514585 579.9106037308562 599.3051323927034 0 398.12236855631704 387.2454176779437 495.57228403751617 451.9885854755622 631.8270473183027 538.247303440861 156.27931714270395 179.8066302301565 137.73609183758555 157.7964345867088 180.79517488224025 202.1179511647424 454.58628316438023 339.5101088066965 62.45883956392505 57.26763530386682 83.06577219087596 73.03933603920868 89.27358353600829 230.61130582478435 461.7120295513947 465.1061026879229 231.52049975747806 111.71327257863098 47.17562212736688 57.3524384678294 130.7990538634944 214.25477127010222 343.6981706183957 574.3644134655759 359.059343667768 195.09439310960113 238.99240296063357 447.4022823112918 488.4219915460416 456.2563137066726
4424.7912918617685 183.42726302147807 333.8380777030196 398.12236855631704 0 51.030570770480054 109.89275960396523 140.2293992455884 395.74287712468396 411.9945101911639 277.15806877336627 243.0012620781666 264.00804035397994 251.89688203742787 254.10773825993732 264.36936532180266 159.89830451476706 220.7797423374122 336.68963379588024 364.53825093688255 341.1817863711016 402.34127053733647 374.5370011878515 181.5255778873631 105.70144031130224 206.58702868028016 626.718341745932 471.9170977809704 430.6201095025988 454.0310785455332 502.1273650137625 472.799828051387 439.3475460930204 187.14999210537192 39.07671833517003 222.5764183453148 166.47947811922387 58.96121670317356 886.539444492449 839.297752474787
4381.470933109946 196.01311436991523 293.8109305866627 387.2454176779437 51.030570770480054 0 108.46853136401269 99.02678705396829 353.18759890920114 361.7085995712937 282.87392527587497 249.07467884720745 259.7156963650015 233.48946039330832 228.1176134320475 232.63039672079952 116.27967789199629 172.18485656909675 324.8452380078105 347.86977008808435 322.65933783639264 382.4140211426571 352.86155587502094 159.70075421928289 80.16108547417485 160.07896192534398 618.3806995669675 470.3876313980358 423.68637221703347 441.2506494293624 481.86161826931175 439.8055955853851 394.08579343890625 187.13207718396882 55.98043195601942 228.8008318455181 171.72162199599106 63.701436094226864 874.1031439889949 836.9565690920534
4345.338841453737 90.94505834965034 258.51222841044455 495.57228403751617 109.89275960396523 108.46853136401269 0 100.65279587479091 325.01396440627536 380.3125655641809 384.7542623418341 350.5818986083466 366.3002573608292 341.82365986282394 334.61195724156715 335.79818473238475 120.39291301292675 247.5795174684606 433.2113241505518 456.21084361494565 430.7986011605834 490.14868514108406 460.1949352622288 267.88975136944174 52.114201994584896 167.01560235874192 726.5151172880187 576.4719884191927 531.4052527430388 549.7137981585032 589.3135070773212 539.5062369352653 472.5480807881464 79.3334972846847 145.17250798327063 330.102369546522 273.1603166799973 51.33546575800724 982.5674863410179 943.636995984596
4284.676250185661 182.70144935797288 194.9633009320172 451.9885854755622 140.2293992455884 99.02678705396829 100.65279587479091 0 255.6385801754381 284.63606601384237 368.9495400247225 336.3662638074976 336.9997966125736 294.1942492678407 276.5334220870273 268.8385060834246 21.49449870957662 157.11776536001747 390.23463536276444 405.2387215306092 378.0796769267785 433.1338107105665 401.5990462453081 222.69947244520145 50.77849602525319 70.73179132015764 682.6424254355493 545.4749311737428 492.90133240809774 501.8655601906359 529.1860575692652 461.3634139985467 377.7446737430806 151.24344151049212 154.9930667052376 316.8446282715208 261.38589780629957 103.16321533233045 929.8868277637961 907.6756964469623
4029.055715907901 359.86520843307096 67.22681477219588 631.8270473183027 395.74287712468396 353.18759890920114 325.01396440627536 255.6385801754381 0 156.48135894226118 592.9970825660567 564.2697766933655 548.8926640609955 486.32154469674214 453.9489840216352 429.7304024410457 236.97277454944833 293.6641339051639 577.1882181550857 576.3099332435265 549.1354635826339 588.5420136048647 557.4308030742467 431.17485442853194 295.33716566971583 195.86174265096366 846.457360984168 739.2264356163992 678.0834002122865 669.4764177169849 667.4246714949389 554.0041868316929 402.3917409160845 312.8987755849361 408.8275019183687 547.0756674315375 497.3871929853682 351.853831658052 1064.1018843697193 1078.38300334289
4047.3962776487065 443.56635935406575 186.28693310838065 538.247303440861 411.9945101911639 361.7085995712937 380.3125655641809 284.63606601384237 156.48135894226118 0 536.4009896077976 513.5965258394901 484.65735626583177 413.2853161438314 375.203525530556 344.3645532999818 263.2168158780265 230.96302595136888 491.9818065145125 480.9938450245736 455.97161159380585 483.3135834702483 454.70811045481577 377.6483129392508 334.898185778756 214.3108497926127 734.6157014347091 649.6129485875823 585.4205170594754 566.3822294511302 549.0315408780835 422.1461262280194 258.0668939001925 399.49222327588234 410.23117391736076 500.1638534600681 461.17263647026704 387.0372074925452 934.1133199806015 965.4506581019032
4581.410734957198 459.5445285653832 546.7768284732365 156.27931714270395 277.15806877336627 282.87392527587497 384.7542623418341 368.9495400247225 592.9970825660567 536.4009896077976 0 34.187732950532016 56.155284961424925 129.77861908336612 169.62898490810943 203.8262179699863 378.2852536408678 308.36634147046396 116.62511977810773 158.9515378758776 155.02756882001648 202.53783132211785 192.81121615835906 162.51915831599803 362.9128154073489 403.92751539341043 361.92616513836623 198.43664022462275 170.63591831783933 211.63193993980596 285.7137632849339 333.90834542706006 409.8815191543779 463.5565259234011 239.77046115511348 54.66378998165318 111.69619936507065 333.6159140052275 626.5917785733795 564.0973094928776
4560.379445307172 425.5215994531684 516.5514418772426 179.8066302301565 243.0012620781666 249.07467884720745 350.5818986083466 336.3662638074976 564.2697766933655 513.5965258394901 34.187732950532016 0 53.96394699286809 118.18417469433665 156.43336580086492 190.3641227340548 346.3058269436291 283.7185889874492 131.53335971987912 172.7016951415502 163.4148988772689 217.05126855402716 202.67184465161364 136.5375911421873 329.17919424969676 373.4821683538184 393.1612382716612 231.3848400594191 199.58055757077813 236.59495772918265 306.13833262612934 340.75372799181815 402.1211529734518 429.3696767252439 205.5830900427889 20.480001940600676 77.61140367016957 299.43310462708075 657.3397157094136 597.7346513954518
4527.620579713817 447.20802671423064 506.0493878164527 137.73609183758555 264.00804035397994 259.7156963650015 366.3002573608292 336.9997966125736 548.8926640609955 484.65735626583177 56.155284961424925 53.96394699286809 0 74.0882896801723 114.0288061669718 148.11493040743161 343.8073392332699 259.49929879940385 82.02664078252182 121.20024568413425 109.82670615469075 165.42835841193573 149.2389319516906 118.69229833252182 337.9430205173754 364.51916126132795 362.8348342135302 210.7056880598342 166.6809287381406 195.0294746843438 258.1163632838183 286.79008528362135 354.09292589356284 445.6271381247845 225.04907331039925 61.91835521611681 101.38020080705635 316.4397346628096 624.1586869082042 577.3980138198808
4454.095428893566 428.87055410518246 448.1257784276322 157.7964345867088 251.89688203742787 233.48946039330832 341.82365986282394 294.1942492678407 486.32154469674214 413.2853161438314 129.77861908336612 118.18417469433665 74.0882896801723 0 39.94066174336946 74.06564434027817 297.10685705765525 193.25069092471273 96.28032535208996 114.38816874630952 89.5454291838524 150.45322710210078 123.13406819139026 74.06016451167417 305.23281583417054 310.19244247287634 388.82642380249797 255.9084811167066 199.52973626748934 209.01915997493805 250.25540859616356 240.92341732205034 283.98912699301906 419.7105556024426 213.8600038976302 115.0987868558943 120.27731752285742 295.71466197660305 641.0263963469988 613.7233019321765
4414.449659216587 423.92304091055377 418.92311672169075 180.79517488224025 254.10773825993732 228.1176134320475 334.61195724156715 276.5334220870273 453.9489840216352 375.203525530556 169.62898490810943 156.43336580086492 114.0288061669718 39.94066174336946 0 34.22988807099224 276.8126383412122 160.3243988990051 123.35179587884647 129.62880414293045 102.06232232578233 157.1007049145899 126.1588936251539 73.36562636553293 293.7740456869687 284.5214011369076 407.880067384094 285.417212012682 225.59811008721655 226.58935694290201 255.13645019183107 222.7214857181934 247.21838355722338 410.5038133318126 218.1418181265028 151.2021230530684 145.78101423173973 291.69185462628354 653.5581211651826 636.1403044974172
4381.119032483158 426.2956076256448 398.2528009064533 202.1179511647424 264.36936532180266 232.63039672079952 335.79818473238475 268.8385060834246 429.7304024410457 344.3645532999818 203.8262179699863 190.3641227340548 148.11493040743161 74.06564434027817 34.22988807099224 0 266.51229539415283 137.98301480886417 149.11243110393556 147.28423561311686 119.76133329418535 166.9062663078684 134.88974165225434 91.34327599901452 291.67182215836823 268.57219507997615 423.4188757386785 310.2898922234557 248.3956488368568 242.84935893312465 260.5857357502493 208.4360762212555 215.0563540958671 409.2342020587284 230.76448592720672 184.381332840978 174.07857563657043 296.18765203501545 662.5820991260637 653.6910802229738
4265.683116271935 199.13571819233164 178.0092886317982 454.58628316438023 159.89830451476706 116.27967789199629 120.39291301292675 21.49449870957662 236.97277454944833 263.2168158780265 378.2852536408678 346.3058269436291 343.8073392332699 297.10685705765525 276.8126383412122 266.51229539415283 0 147.1294191113726 393.3840402455604 406.2432786071759 378.8153351983187 432.3330740311232 400.5493218722685 227.43559954752976 71.85533357360777 49.23972199902529 684.3008828730041 550.5825193634539 496.51245451688885 503.1434919843001 527.072077419956 453.9200471791207 363.61871453252144 164.714149996082 172.10227924675021 327.17002901529673 272.7081294605813 124.62414191995872 928.8859908466568 910.7784546937104
4278.315132188109 336.3125563601248 260.2736395810457 339.5101088066965 220.7797423374122 172.18485656909675 247.5795174684606 157.11776536001747 293.6641339051639 230.96302595136888 308.36634147046396 283.7185889874492 259.49929879940385 193.25069092471273 160.3243988990051 137.98301480886417 147.1294191113726 0 283.64416351112095 285.24623098767125 257.66280780779124 302.8914466909185 270.950123503238 147.23943770486778 196.18724906745393 135.67535033766023 560.7377855904905 445.7165986737133 385.23045155179403 380.6609029215916 391.5444158107515 307.63440947165907 225.60887042675583 308.12555917421554 203.99833530917638 269.5698604061362 230.69150030927392 224.49370841624358 794.4249534992637 791.4720430251658
4518.323834253555 517.9206413837568 541.9428037217962 62.45883956392505 336.68963379588024 324.8452380078105 433.2113241505518 390.23463536276444 577.1882181550857 491.9818065145125 116.62511977810773 131.53335971987912 82.02664078252182 96.28032535208996 123.35179587884647 149.11243110393556 393.3840402455604 283.64416351112095 0 42.333296690706774 45.43095209151991 86.1358312636125 78.08824350188513 168.33091338002063 399.2867714777956 405.677103059457 293.95218480192364 162.07278981066986 103.37198718337567 117.34178166925439 176.09165483395842 219.89026223289306 319.85873012485047 511.9485013247167 297.68205548349783 143.2603584849923 180.91957203800308 385.23739293513626 550.172481062892 517.5015247019833
4495.200313808751 543.0737236251788 545.4875713267417 57.26763530386682 364.53825093688255 347.86977008808435 456.21084361494565 405.2387215306092 576.3099332435265 480.9938450245736 158.9515378758776 172.7016951415502 121.20024568413425 114.38816874630952 129.62880414293045 147.28423561311686 406.2432786071759 285.24623098767125 42.333296690706774 0 27.741041474746357 44.3580862605117 38.83564139155421 188.37662060396178 419.02479156791975 413.6453014764874 278.25161883783903 168.8992777785244 104.43036484890672 96.96156636046831 139.6442240190625 179.06279255689796 291.1860150166202 534.0092792550095 325.93309888431446 183.09211056127063 215.9133610824185 409.92210818920574 526.8498268777048 507.0744025730882
4475.667544748622 518.2912354363168 517.8673101737913 83.06577219087596 341.1817863711016 322.65933783639264 430.7986011605834 378.0796769267785 549.1354635826339 455.97161159380585 155.02756882001648 163.4148988772689 109.82670615469075 89.5454291838524 102.06232232578233 119.76133329418535 378.8153351983187 257.66280780779124 45.43095209151991 27.741041474746357 0 61.528500786097766 39.492184954743394 162.95996909023972 392.75905349990137 385.91458750086997 305.8747745175624 193.69249241675914 130.037504649528 124.58242701675002 161.0404370617497 178.89379576909013 274.9263721094499 508.2323163241081 302.8934211634998 171.07687305112202 197.96752164470095 385.1528976691713 553.1084024033859 534.8151269045392
4480.296460707919 578.3368880808863 562.2108214697815 73.03933603920868 402.34127053733647 382.4140211426571 490.14868514108406 433.1338107105665 588.5420136048647 483.3135834702483 202.53783132211785 217.05126855402716 165.42835841193573 150.45322710210078 157.1007049145899 166.9062663078684 432.3330740311232 302.8914466909185 86.1358312636125 44.3580862605117 61.528500786097766 0 32.03602379960851 222.9195381370091 450.63939122844164 435.4015124694752 258.39331296659736 177.20831030844937 113.58180988268583 83.09323764664141 99.80949853639461 142.39045482814018 274.1663291005741 566.9329289090005 364.1925292926021 227.34347417615845 258.4720697273345 445.31296560485015 496.7593216073721 490.02639429034423
4460.154120393533 548.8738301215079 530.4470343906497 89.27358353600829 374.5370011878515 352.86155587502094 460.1949352622288 401.5990462453081 557.4308030742467 454.70811045481577 192.81121615835906 202.67184465161364 149.2389319516906 123.13406819139026 126.1588936251539 134.88974165225434 400.5493218722685 270.950123503238 78.08824350188513 38.83564139155421 39.492184954743394 32.03602379960851 0 193.92500328929748 419.9294883040793 403.3664660074034 290.0590572906552 199.52148838213185 134.66624624423807 112.50564471084073 129.12709397594773 141.8358951980911 254.6944001145547 536.5431712507132 336.7986496137346 210.56802862410757 236.2888027073781 416.05038310532046 528.3957443656818 521.4802203835993
4424.952366463044 355.45895022277557 387.37507843036366 230.61130582478435 181.5255778873631 159.70075421928289 267.88975136944174 222.69947244520145 431.17485442853194 377.6483129392508 162.51915831599803 136.5375911421873 118.69229833252182 74.06016451167417 73.36562636553293 91.34327599901452 227.43559954752976 147.23943770486778 168.33091338002063 188.37662060396178 162.95996909023972 222.9195381370091 193.92500328929748 0 231.36812205299933 245.93049647768652 462.07504041451915 323.16474663491476 270.36077974595224 282.9031517159996 322.5703505810902 295.5673557478722 299.273836079149 345.65673028574696 144.96554992793918 122.51783992595611 91.38579683998971 222.39595646078365 715.0865010571548 685.2385459397832
4322.933156620613 140.33530431764308 231.22776848168945 461.7120295513947 105.70144031130224 80.16108547417485 52.114201994584896 50.77849602525319 295.33716566971583 334.898185778756 362.9128154073489 329.17919424969676 337.9430205173754 305.23281583417054 293.7740456869687 291.67182215836823 71.85533357360777 196.18724906745393 399.2867714777956 419.02479156791975 392.75905349990137 450.63939122844164 419.9294883040793 231.36812205299933 0 120.60305204361104 693.2319532721327 548.5692520045463 499.93169933690746 514.2339936740417 548.8650983254785 492.25255959123405 420.7177379116728 117.59193823178342 130.94357212414684 308.93329729807704 251.87836991490232 56.58921939585358 945.8278778181667 914.2546863089767
4221.850446469559 239.3590336054953 143.12127553580706 465.1061026879229 206.58702868028016 160.07896192534398 167.01560235874192 70.73179132015764 195.86174265096366 214.3108497926127 403.92751539341043 373.4821683538184 364.51916126132795 310.19244247287634 284.5214011369076 268.57219507997615 49.23972199902529 135.67535033766023 405.677103059457 413.6453014764874 385.91458750086997 435.4015124694752 403.3664660074034 245.93049647768652 120.60305204361104 0 691.4853450636654 566.0306123253908 508.97548295228466 510.36040060916696 526.4084401107126 441.22960279798565 334.97822672765665 200.3597925664989 214.69817714488804 355.3232212045611 303.4889333340898 173.84484129890248 929.3537015560466 920.6083462840095
4676.553425717897 809.5941201468514 820.4980820486362 231.52049975747806 626.718341745932 618.3806995669675 726.5151172880187 682.6424254355493 846.457360984168 734.6157014347091 361.92616513836623 393.1612382716612 362.8348342135302 388.82642380249797 407.880067384094 423.4188757386785 684.3008828730041 560.7377855904905 293.95218480192364 278.25161883783903 305.8747745175624 258.39331296659736 290.0590572906552 462.07504041451915 693.2319532721327 691.4853450636654 0 168.05219393116002 196.1559680683208 181.29592137014134 187.7733735545769 328.91703047547173 499.48332948757263 805.5008579887516 587.6902483646413 411.90233734186205 462.9657865853734 677.7641088188384 264.9720482477676 231.98171393789445
4657.452272133571 655.2760386501395 703.6261182088792 111.71327257863098 471.9170977809704 470.3876313980358 576.4719884191927 545.4749311737428 739.2264356163992 649.6129485875823 198.43664022462275 231.3848400594191 210.7056880598342 255.9084811167066 285.417212012682 310.2898922234557 550.5825193634539 445.7165986737133 162.07278981066986 168.8992777785244 193.69249241675914 177.20831030844937 199.52148838213185 323.16474663491476 548.5692520045463 566.0306123253908 168.05219393116002 0 64.92230949586131 104.94781339408584 182.29139522532355 306.5325710283196 451.3720293681351 655.7937078531139 433.4444541395288 251.15968983099629 305.59645203783026 526.1537215115458 432.41953325853336 367.4134541439701
4593.635736071627 613.6458672011684 644.5168433018307 47.17562212736688 430.6201095025988 423.68637221703347 531.4052527430388 492.90133240809774 678.0834002122865 585.4205170594754 170.63591831783933 199.58055757077813 166.6809287381406 199.52973626748934 225.59811008721655 248.3956488368568 496.51245451688885 385.23045155179403 103.37198718337567 104.43036484890672 130.037504649528 113.58180988268583 134.66624624423807 270.36077974595224 499.93169933690746 508.97548295228466 196.1559680683208 64.92230949586131 0 55.03096482606134 140.27025035287568 248.5366428830293 387.4645997879001 610.5880807039352 391.6143438153657 217.4151148707931 267.0254676772726 482.1977717570225 458.5186180629194 414.8830269075834
4556.627401841473 635.0603636087535 640.8623124333766 57.3524384678294 454.0310785455332 441.2506494293624 549.7137981585032 501.8655601906359 669.4764177169849 566.3822294511302 211.63193993980596 236.59495772918265 195.0294746843438 209.01915997493805 226.58935694290201 242.84935893312465 503.1434919843001 380.6609029215916 117.34178166925439 96.96156636046831 124.58242701675002 83.09323764664141 112.50564471084073 282.9031517159996 514.2339936740417 510.36040060916696 181.29592137014134 104.94781339408584 55.03096482606134 0 85.25311424187821 201.75063513688883 352.3889087522192 628.1373959136711 415.01952550284375 252.27378043597992 296.19079333210505 502.2137483384247 433.03854389377705 410.84331610392195
4501.8905764581505 677.8533028140039 646.9382350291783 130.7990538634944 502.1273650137625 481.86161826931175 589.3135070773212 529.1860575692652 667.4246714949389 549.0315408780835 285.7137632849339 306.13833262612934 258.1163632838183 250.25540859616356 255.13645019183107 260.5857357502493 527.072077419956 391.5444158107515 176.09165483395842 139.6442240190625 161.0404370617497 99.80949853639461 129.12709397594773 322.5703505810902 548.8650983254785 526.4084401107126 187.7733735545769 182.29139522532355 140.27025035287568 85.25311424187821 0 143.57728320436516 311.998751951383 665.6222162103147 463.9180344411811 319.1213766016655 355.37146249549636 544.9157287825341 402.94970632075643 416.6176611811635
4359.738050106557 630.4487296680713 543.7695104989568 214.25477127010222 472.799828051387 439.8055955853851 539.5062369352653 461.3634139985467 554.0041868316929 422.1461262280194 333.90834542706006 340.75372799181815 286.79008528362135 240.92341732205034 222.7214857181934 208.4360762212555 453.9200471791207 307.63440947165907 219.89026223289306 179.06279255689796 178.89379576909013 142.39045482814018 141.8358951980911 295.5673557478722 492.25255959123405 441.22960279798565 328.91703047547173 306.5325710283196 248.5366428830293 201.75063513688883 143.57728320436516 0 172.41542764661213 609.1249563024764 438.7513952745532 345.92294579374806 361.18098979332973 502.90225063662166 512.2316127357252 552.4933728391721
4206.17668010102 559.8958384820245 405.37464315596117 343.6981706183957 439.3475460930204 394.08579343890625 472.5480807881464 377.7446737430806 402.3917409160845 258.0668939001925 409.8815191543779 402.1211529734518 354.09292589356284 283.98912699301906 247.21838355722338 215.0563540958671 363.61871453252144 225.60887042675583 319.85873012485047 291.1860150166202 274.9263721094499 274.1663291005741 254.6944001145547 299.273836079149 420.7177379116728 334.97822672765665 499.48332948757263 451.3720293681351 387.4645997879001 352.3889087522192 311.998751951383 172.41542764661213 0 528.266361134325 415.0840296808173 398.303322131051 387.83994461447776 449.640552441891 679.255839865738 724.8255045919084
4307.943023349628 46.96649806672332 246.2416904752845 574.3644134655759 187.14999210537192 187.13207718396882 79.3334972846847 151.24344151049212 312.8987755849361 399.49222327588234 463.5565259234011 429.3696767252439 445.6271381247845 419.7105556024426 410.5038133318126 409.2342020587284 164.714149996082 308.12555917421554 511.9485013247167 534.0092792550095 508.2323163241081 566.9329289090005 536.5431712507132 345.65673028574696 117.59193823178342 200.3597925664989 805.5008579887516 655.7937078531139 610.5880807039352 628.1373959136711 665.6222162103147 609.1249563024764 528.266361134325 0 223.78782164986688 408.89291116793225 352.1056041944962 129.99051696144218 1060.722885947054 1022.9704931277302
4436.536429095906 222.20417721866707 349.7811313427921 359.059343667768 39.07671833517003 55.98043195601942 145.17250798327063 154.9930667052376 408.8275019183687 410.23117391736076 239.77046115511348 205.5830900427889 225.04907331039925 213.8600038976302 218.1418181265028 230.76448592720672 172.10227924675021 203.99833530917638 297.68205548349783 325.93309888431446 302.8934211634998 364.1925292926021 336.7986496137346 144.96554992793918 130.94357212414684 214.69817714488804 587.6902483646413 433.4444541395288 391.6143438153657 415.01952550284375 463.9180344411811 438.7513952745532 415.0840296808173 223.78782164986688 0 185.10756970852964 128.45520610117285 93.90496078834714 847.4721327539172 800.8571907250392
4547.4583798229005 405.21460128305415 498.442834752449 195.09439310960113 222.5764183453148 228.8008318455181 330.102369546522 316.8446282715208 547.0756674315375 500.1638534600681 54.66378998165318 20.480001940600676 61.91835521611681 115.0987868558943 151.2021230530684 184.381332840978 327.17002901529673 269.5698604061362 143.2603584849923 183.09211056127063 171.07687305112202 227.34347417615845 210.56802862410757 122.51783992595611 308.93329729807704 355.3232212045611 411.90233734186205 251.15968983099629 217.4151148707931 252.27378043597992 319.1213766016655 345.92294579374806 398.303322131051 408.89291116793225 185.10756970852964 0 57.19628740554296 278.9536268655262 675.7008804394908 617.8225056758246
4507.673561269688 349.70904409036405 446.38578714505377 238.99240296063357 166.47947811922387 171.72162199599106 273.1603166799973 261.38589780629957 497.3871929853682 461.17263647026704 111.69619936507065 77.61140367016957 101.38020080705635 120.27731752285742 145.78101423173973 174.07857563657043 272.7081294605813 230.69150030927392 180.91957203800308 215.9133610824185 197.96752164470095 258.4720697273345 236.2888027073781 91.38579683998971 251.87836991490232 303.4889333340898 462.9657865853734 305.59645203783026 267.0254676772726 296.19079333210505 355.37146249549636 361.18098979332973 387.83994461447776 352.1056041944962 128.45520610117285 57.19628740554296 0 222.11786754557878 725.2196833610338 672.8959272346651
4378.884253187234 133.15816858852457 287.41682705860455 447.4022823112918 58.96121670317356 63.701436094226864 51.33546575800724 103.16321533233045 351.853831658052 387.0372074925452 333.6159140052275 299.43310462708075 316.4397346628096 295.71466197660305 291.69185462628354 296.18765203501545 124.62414191995872 224.49370841624358 385.23739293513626 409.92210818920574 385.1528976691713 445.31296560485015 416.05038310532046 222.39595646078365 56.58921939585358 173.84484129890248 677.7641088188384 526.1537215115458 482.1977717570225 502.2137483384247 544.9157287825341 502.90225063662166 449.640552441891 129.99051696144218 93.90496078834714 278.9536268655262 222.11786754557878 0 935.2518218907513 893.4787331175885
4746.582536414341 1068.0732822091188 1047.9144304945341 488.4219915460416 886.539444492449 874.1031439889949 982.5674863410179 929.8868277637961 1064.1018843697193 934.1133199806015 626.5917785733795 657.3397157094136 624.1586869082042 641.0263963469988 653.5581211651826 662.5820991260637 928.8859908466568 794.4249534992637 550.172481062892 526.8498268777048 553.1084024033859 496.7593216073721 528.3957443656818 715.0865010571548 945.8278778181667 929.3537015560466 264.9720482477676 432.41953325853336 458.5186180629194 433.03854389377705 402.94970632075643 512.2316127357252 679.255839865738 1060.722885947054 847.4721327539172 675.7008804394908 725.2196833610338 935.2518218907513 0 176.86262864936612
4867.932688696541 1022.6048128401741 1051.589486204491 456.2563137066726 839.297752474787 836.9565690920534 943.636995984596 907.6756964469623 1078.38300334289 965.4506581019032 564.0973094928776 597.7346513954518 577.3980138198808 613.7233019321765 636.1403044974172 653.6910802229738 910.7784546937104 791.4720430251658 517.5015247019833 507.0744025730882 534.8151269045392 490.02639429034423 521.4802203835993 685.2385459397832 914.2546863089767 920.6083462840095 231.98171393789445 367.4134541439701 414.8830269075834 410.84331610392195 416.6176611811635 552.4933728391721 724.8255045919084 1022.9704931277302 800.8571907250392 617.8225056758246 672.8959272346651 893.4787331175885 176.86262864936612 0
