11
1
1200000
0 0
1 12
2 30
3 39
4 15
5 43
6 6
7 6
8 26
9 8
10 16

0 69.67918001628092 116.98843734214823 227.39256119488198 156.47356917769005 64.39744274064837 198.4376950885467 177.9312504082667 214.2290684478484 190.18121272155489 262.91662569026477
69.67918001628092 0 112.92867990242475 158.57551833897233 140.17935621431596 134.07117403011446 198.52917276242428 225.28113163236753 275.0855892992559 259.46908085129456 331.8894982575961
116.98843734214823 112.92867990242475 0 230.6003559492711 41.626501018370355 153.0896233153934 86.31655854250967 292.74185823690163 316.59964466663934 265.8474902236439 308.5421894514504
227.39256119488198 158.57551833897233 230.6003559492711 0 230.6290674200379 291.2309871529732 295.17302947196583 347.49844296004875 413.7797470063456 414.206122370725 490.25809552857356
156.47356917769005 140.17935621431596 41.626501018370355 230.6290674200379 0 194.7044148622324 65.35095129522549 333.4542090313275 358.2066770428097 305.7531838170237 343.42285652478233
64.39744274064837 134.07117403011446 153.0896233153934 291.2309871529732 194.7044148622324 0 220.07165013875013 149.373497449626 163.51497825955718 126.32775681101275 199.8663233457849
198.4376950885467 198.52917276242428 86.31655854250967 295.17302947196583 65.35095129522549 220.07165013875013 0 367.4706828991562 379.1202985464661 312.70496437669215 331.7521545404101
177.9312504082667 225.28113163236753 292.74185823690163 347.49844296004875 333.4542090313275 149.373497449626 367.4706828991562 0 81.54224317417336 149.732157847877 244.89864162952304
214.2290684478484 275.0855892992559 316.59964466663934 413.7797470063456 358.2066770428097 163.51497825955718 379.1202985464661 81.54224317417336 0 94.95230932702371 179.1053065001466
190.18121272155489 259.46908085129456 265.8474902236439 414.206122370725 305.7531838170237 126.32775681101275 312.70496437669215 149.732157847877 94.95230932702371 0 96.43872745700605
262.91662569026477 331.8894982575961 308.5421894514504 490.25809552857356 343.42285652478233 199.8663233457849 331.7521545404101 244.89864162952304 179.1053065001466 96.43872745700605 0
